prof rock_id rhob gr ild dt
4.046183736052981 7.0 1.958166681225856 71.19059570819243 3.386147914847524 71.15302615009938
4.1172498526635435 7.0 2.1664546428441693 72.52899761345921 4.259503520276827 12.4127661192423
4.188315969274106 7.0 2.410241628349274 72.23867836798667 5.009757800831469 78.72661333976103
4.259382085884668 7.0 2.4605929154953805 69.21968702652902 3.586432501587287 51.486014292948646
4.33044820249523 7.0 2.5832096538277654 70.09349737798469 3.600977413244064 78.85506445582297
4.401514319105793 7.0 2.703959009943258 80.42142173990514 3.9259440147536075 51.694739888784625
4.472580435716355 7.0 2.696250143806515 81.72821914966352 3.236304243402707 58.054111286493864
4.543646552326917 7.0 2.7713544767755907 81.45015779072388 5.059210905270188 65.07762999784084
4.61471266893748 7.0 2.8552204109180437 78.83852786537706 4.83441944276907 83.02731142824997
4.685778785548042 7.0 2.808673383520269 89.25583476519068 4.072402395105782 49.3159548815622
4.756844902158604 7.0 2.7253700734265203 81.55673957351424 4.0372220482283225 76.77253790659508
4.827911018769166 7.0 2.7547305750569935 69.69365417119815 2.6158571088076465 83.69632835125145
4.898977135379729 7.0 2.7295532686954616 69.58383185700572 5.100269322259547 57.62852379712659
4.97004325199029 7.0 2.7834542085825866 74.04869318682448 4.056765130168536 48.57397324628444
5.0411093686008535 7.0 2.7629640803057383 73.20835060473678 4.599917012037463 75.91040841078949
5.112175485211416 7.0 2.757661027109845 75.28184843921137 3.111611269477281 59.33014282117487
5.183241601821978 7.0 2.7236835330362816 79.42364001391499 2.5615308791065834 73.79756589531964
5.25430771843254 7.0 2.764346832853464 91.56630588988025 4.773472931102538 49.80258680854143
5.325373835043102 7.0 2.729371824066218 76.09111693745729 4.539823463957688 59.61080784125466
5.396439951653664 7.0 2.7784601422341955 81.35317595137872 3.3666587924877165 61.973480617860254
5.4675060682642265 7.0 2.6562492877624875 81.15966580254292 2.612417158518097 83.42233929382722
5.5385721848747895 7.0 2.8111621974542476 77.77172133707772 4.97264304596025 60.791544794526175
5.609638301485351 7.0 2.7495182383612287 94.30653146305929 2.897086428708216 67.4787062284912
5.680704418095914 7.0 2.678850936908588 69.19879982888789 4.682588109529247 36.935930604623564
5.751770534706476 7.0 2.8396291341290674 94.84238571629275 4.516971297188155 114.72527004522996
5.822836651317038 7.0 2.810856740365445 86.00780532381198 4.806005759114971 80.35306060484987
5.8939027679276 7.0 2.711717146312142 86.01437824555471 3.472485708803913 78.90457837306629
5.9649688845381625 7.0 2.774805404821701 84.2999247702219 3.4479837471688515 50.02176520002473
6.036035001148726 7.0 2.6857423520382055 81.90754565231748 3.8379178509537217 52.63898425451683
6.107101117759287 7.0 2.654654116180999 88.06741204278475 5.091782126023983 63.77146417217091
6.17816723436985 7.0 2.8515324953678944 84.18352003222003 5.907772007268728 49.96988434670761
6.249233350980411 7.0 2.804547550897316 83.13882696252125 3.3938560913611004 64.2869490253949
6.320299467590974 7.0 2.7769735446101453 79.70065489192928 3.7699961466149547 68.71476873416317
6.391365584201536 7.0 2.6988218558430264 69.29476035478442 5.117852033493929 56.0757700062192
6.462431700812099 7.0 2.769354248104257 83.74692007884046 4.0131805972044345 123.5959212747868
6.533497817422662 7.0 2.743486726131225 76.82696504601411 4.677034471516008 74.65743341201552
6.604563934033223 7.0 2.752104624672044 68.0185937211208 5.835246414200812 69.88074971718981
6.675630050643786 7.0 2.66231087451088 73.92248677442 4.496620025720067 69.14622980639123
6.746696167254347 7.0 2.7639770138013158 88.54986513836985 2.9051005758754602 64.70715001698903
6.81776228386491 7.0 2.7354981945591357 91.69296798169023 3.3680958144328614 80.81222037143807
6.8888284004754725 7.0 2.6395405113130344 74.21573856968804 1.9639161378390293 60.46881947727964
6.959894517086035 7.0 2.6199770890541134 80.89965351980999 4.455491084101533 80.16049820241804
7.030960633696597 7.0 2.720824084550799 80.86916876480123 4.746356287754119 52.355475911113366
7.102026750307159 7.0 2.7754215453645252 75.95068205882342 2.724584084592099 121.24410085033786
7.173092866917722 7.0 2.8287716409330965 71.8083514388267 3.9250564054465 92.58821327269061
7.244158983528283 7.0 2.792663311118266 92.7552494538992 3.437702225786942 44.94519261783759
7.315225100138846 7.0 2.6929999442618424 69.35510908229148 5.300764311377192 85.60434944756486
7.386291216749408 7.0 2.730162780590167 83.69803841973486 4.618562242807903 55.55167134853119
7.457357333359971 7.0 2.6714725884701838 74.97301571474003 2.925270914581989 82.85576400590836
7.528423449970533 7.0 2.7248604884422076 69.15149259710698 3.435115602535215 71.67310428006999
7.599489566581095 7.0 2.842703928152624 89.91272058882188 5.7676171423466265 79.28418634315538
7.670555683191658 7.0 2.8160372939047367 63.142481492205576 2.202328595730588 69.72840217098862
7.741621799802219 7.0 2.6521572759991465 86.33166876352135 2.5949497482339465 79.0866651199153
7.8126879164127825 7.0 2.6505062971365603 94.88541364067153 4.780758135828741 75.44817884381371
7.883754033023344 7.0 2.8684784435729584 84.85506317621481 4.254252303321567 103.46163491460268
7.954820149633907 7.0 2.666668869254269 87.520208785412 2.97041512046774 88.3762051847139
8.025886266244468 7.0 2.753497771876777 76.81280339124613 5.143142839343465 74.19404100149154
8.096952382855031 7.0 2.731101689433657 69.3753464121245 4.424580156151639 56.896119286408315
8.168018499465594 7.0 2.6402022827121296 85.72519267966548 3.9722246884669405 59.540442913559076
8.239084616076155 7.0 2.8566636435536075 87.47766210782724 4.382369045324396 44.87898391986427
8.310150732686719 7.0 2.7654418663380995 82.53028859286124 4.602127099268335 82.52536902472418
8.38121684929728 7.0 2.7519853554946714 79.32674002713138 5.492921654623348 91.85206325579658
8.452282965907843 7.0 2.6776516786689757 65.73485092461512 4.080855311375881 58.56662777862856
8.523349082518404 7.0 2.7735541335575538 81.2888097008037 4.825826881142412 81.15249236737739
8.594415199128967 7.0 2.7389980424601585 75.43921845507525 4.29413816910893 46.772426849718926
8.665481315739529 7.0 2.7879144376367044 78.51315712993627 4.199046178880624 53.219132828939074
8.736547432350092 7.0 2.6875313697138545 79.71479007013572 4.19529770829307 61.50811815650255
8.807613548960655 7.0 2.844044389530719 97.81426729556901 2.7822767423193575 95.78682688402282
8.878679665571216 7.0 2.754254858778095 73.59906349761157 4.772807234110117 89.0737760482773
8.949745782181779 7.0 2.741790714030321 76.59004492996208 5.0843186824988 73.40569746611116
9.02081189879234 7.0 2.830760017466248 67.05758563800762 4.391577768100554 100.48321827770374
9.091878015402903 7.0 2.7492122573512994 86.66787096925495 4.692607057345798 67.07026645907135
9.162944132013465 7.0 2.7423774160295036 84.4422803106502 3.3432322564192383 70.33292478243295
9.234010248624028 7.0 2.843354011388866 80.01497962085107 5.418754532926651 81.39142143035401
9.30507636523459 7.0 2.701302734573712 80.64785224753011 3.013711526292139 60.46641984491657
9.376142481845152 7.0 2.8581329364623986 77.63963570299917 3.505820658091904 107.42014688293489
9.447208598455715 7.0 2.755177471595939 85.90856916661414 3.7751020049198747 58.28430083509976
9.518274715066276 7.0 2.8121059987179278 76.68542311440858 5.710802573350388 71.31766718285367
9.58934083167684 7.0 2.7173548911935947 75.15929479072842 6.089301505690214 71.69108204509192
9.6604069482874 7.0 2.796775184180929 66.84239349390242 5.964080372379666 58.23538672882611
9.731473064897964 7.0 2.732885662486451 65.35627601346938 2.2521186782809073 55.98218732635073
9.802539181508525 7.0 2.675123556960567 67.49611504192734 3.0555880766420724 77.66871177001761
9.873605298119088 7.0 2.822471063394904 76.24094191001225 3.465656956499166 70.73898108161502
9.944671414729651 7.0 2.6636159350296547 57.90706703047995 2.3150738198207605 81.53829275056277
10.015737531340212 7.0 2.7780123761133524 69.57136293840671 4.632650981836953 67.42792708452261
10.086803647950775 7.0 2.912270710833736 83.93229640212091 3.7518516729049756 71.06147868169509
10.157869764561337 7.0 2.6764610695882225 98.28633708070751 5.9459542228075675 71.7992791873735
10.2289358811719 7.0 2.6640216884036043 79.06476862246001 2.620424025407953 86.97812272392663
10.300001997782461 7.0 2.7876052009353023 72.4816324753704 4.163475547180295 63.74175882111472
10.371068114393024 7.0 2.817831661447453 89.65657073221303 3.2203794146825473 76.01843269445038
10.442134231003587 7.0 2.6776397064155537 82.89036091094223 2.8651207313686746 78.5512354603827
10.513200347614148 7.0 2.8590592558784347 88.8784834971421 5.194162388684516 69.41713236438241
10.584266464224712 7.0 2.7378729944349787 85.60499574837748 2.500757904249699 97.20028948786363
10.655332580835273 7.0 2.7671387210692697 91.43411205210057 5.840891726187845 95.40405594268861
10.726398697445836 7.0 2.7715956098720618 86.69213424391735 3.240683744227643 70.14429132902875
10.797464814056397 7.0 2.8078287269054885 86.22437198830455 3.808204568402456 75.38920111150058
10.86853093066696 7.0 2.8327906847702486 72.63306063947314 3.0594977848086686 67.30921885203833
10.939597047277521 7.0 2.668653371199481 79.30797167463093 6.142276199086806 73.16965594571342
11.010663163888085 7.0 2.7302011876585808 72.46619057133903 4.521043213044619 51.61802356836532
11.081729280498648 7.0 2.8100631602580397 78.60004989683566 2.999881057718354 96.74107474478744
11.152795397109209 7.0 2.6100233270690936 81.8559873042427 4.973177047909979 76.06003266573717
11.223861513719772 7.0 2.790942215650626 83.01352546471932 5.122519252632547 39.996924520821075
11.294927630330333 7.0 2.740860485149475 70.39854889852919 4.219014833925149 51.69853222998922
11.365993746940896 7.0 2.8533741978847553 88.7422913842798 5.993640503239623 64.47861313109308
11.437059863551458 7.0 2.728027081846831 91.1467767667134 7.274351659996366 79.23964591454451
11.50812598016202 7.0 2.7261881683236466 75.23238166176823 6.190184878904727 78.40660449767488
11.579192096772584 7.0 2.7189457565886133 84.46179504790668 8.311507950060548 70.09106435983858
11.650258213383145 7.0 2.6782395412087325 82.11665771528942 6.299944417939041 60.50642440575977
11.721324329993708 7.0 2.742998631076483 78.54057521546953 7.71360863059706 59.67656423789006
11.79239044660427 7.0 2.7960144891793246 71.71156633267321 6.9036737636995795 54.71206802381794
11.863456563214832 7.0 2.752049257240777 66.95663381893053 7.803373957892795 92.17009804266863
11.934522679825394 7.0 2.7075936907011084 60.96127418076931 7.273532046072282 26.3771715705243
12.005588796435957 7.0 2.654147371236866 91.45148769428508 6.33834103506884 31.854739955641044
12.076654913046518 7.0 2.666903851682203 66.97140908171721 9.499527251620286 38.88675205082337
12.147721029657081 7.0 2.731066438044016 49.6521156668029 6.601842000763776 56.348610551923784
12.218787146267642 7.0 2.704821824643597 59.50116979466402 7.515570097804868 59.723335149770065
12.289853262878205 7.0 2.6933649628272742 56.421607847253256 7.997809894321273 45.142483068007046
12.360919379488768 6.0 2.669045352681101 50.715295179147304 9.212176314652774 18.484568146428913
12.43198549609933 6.0 2.7062601220265656 63.19561541461462 9.299636481834105 26.384070733072498
12.503051612709893 6.0 2.692065058073199 31.427492774549343 7.121407314166074 2.816792185047671
12.574117729320454 6.0 2.5327293609439967 36.53904287931321 9.284320156820664 51.7768853874145
12.645183845931017 6.0 2.653567337626462 29.05090570247805 8.594638182990497 25.576542528919237
12.716249962541578 6.0 2.576459937172492 31.61332009876748 8.024708901957052 26.30326641597054
12.787316079152141 6.0 2.4937742830660117 24.678546784276683 8.481980429404814 3.674349109881039
12.858382195762703 6.0 2.420588327821135 30.711596821769383 11.91498565491729 6.958618156176543
12.929448312373266 6.0 2.5784277904445756 23.78746561867214 6.699634692015751 7.412569106006751
13.000514428983829 6.0 2.6766228083788013 28.957377228819986 6.211078222917312 24.20710337120502
13.07158054559439 6.0 2.6372169541648907 27.197370614682022 10.82523255627587 -8.21548883827095
13.142646662204953 6.0 2.4459984731964153 16.12909795675292 7.953653560503619 40.0825997964207
13.213712778815514 6.0 2.558585033079849 35.45172655702157 8.880370194516253 21.992605135000623
13.284778895426077 6.0 2.5832336407176815 19.267387467884934 10.189613210441047 19.64809589837085
13.355845012036639 6.0 2.441408630733639 25.600478792289568 8.244230294961119 16.892967995137706
13.426911128647202 6.0 2.4858256254250497 3.421848732060596 9.009357028922706 22.514270685594298
13.497977245257763 6.0 2.4143890142824187 17.05025209714767 7.573030560972914 2.587896395785131
13.569043361868326 6.0 2.5727070093682727 26.26815457693143 8.794782170715388 -17.89304002076499
13.64010947847889 6.0 2.5198605478460374 19.942107858401627 9.74883612296426 5.421664365781595
13.71117559508945 6.0 2.587805314592643 21.987453845805813 8.995398191527975 -13.510496827415832
13.782241711700014 6.0 2.62589603803125 10.512460092582655 9.944498284278021 26.309023414359586
13.853307828310575 6.0 2.5303560895295956 21.410092688261475 9.405191997467933 39.20271874640265
13.924373944921138 6.0 2.536520579160064 26.156511012976807 7.600640405939435 8.180291364661315
13.9954400615317 6.0 2.6422288113723233 20.012839299563552 9.346433150748775 -1.6446868264423378
14.066506178142262 6.0 2.5925001965221197 20.55001533394336 10.122603075605275 -15.018998805358358
14.137572294752825 6.0 2.5371471642157464 17.777103193391294 8.972445947544909 1.6524874528828093
14.208638411363387 6.0 2.4496013580630644 10.529194129146035 9.254665685596642 8.460124629334487
14.27970452797395 6.0 2.623791706241561 17.21479715684911 9.223314266649933 1.3665928073811102
14.350770644584511 6.0 2.5837171728310757 27.70997190669147 9.965124603090281 0.055551129321671944
14.421836761195074 6.0 2.568266576984345 32.77030946029703 10.373261802199021 37.03554413283864
14.492902877805635 6.0 2.5104501313732643 29.282286160053015 9.241268632779827 12.425236208028759
14.563968994416198 6.0 2.5205114337573393 7.881599219808681 7.93783221952496 10.848633191873763
14.635035111026761 6.0 2.656720571518311 37.205139201986675 7.040387934725581 5.153700235897154
14.706101227637323 6.0 2.5428112737481663 16.347231242683087 9.439111686601729 15.548112069428397
14.777167344247886 6.0 2.653450305337491 13.965671220768458 8.616925945422874 6.571061800575718
14.848233460858447 6.0 2.5316887631927436 19.833708151799982 8.420283228634272 7.0059233761154776
14.91929957746901 6.0 2.617847636104773 13.2295900343146 8.62968607640537 -4.30721146954661
14.990365694079571 6.0 2.5172346968480546 22.427719311064937 9.113337873441973 5.354632497372592
15.061431810690134 6.0 2.6545000994347867 26.24445754743245 8.71933665291767 -24.977311134060912
15.132497927300696 6.0 2.4831331433549293 15.390132030815654 9.854124630999182 -16.53689445922746
15.203564043911259 6.0 2.4760173308557962 23.67597362279729 9.695920398233604 13.679822958650245
15.274630160521822 6.0 2.527675127993762 20.609428682317535 9.439187658660488 -2.7655779611360405
15.345696277132383 6.0 2.6839782711075237 1.7751249130149205 7.676739581451702 -11.717649992750719
15.416762393742946 6.0 2.580869970984153 25.44063959501398 8.810726295502159 -32.03494989506914
15.487828510353507 6.0 2.55069020197165 28.815746580531442 8.008362738628866 21.374059416666398
15.55889462696407 6.0 2.4997164808643064 11.025061139347763 8.887569296787541 1.137105370887049
15.629960743574632 6.0 2.529322585051595 24.103935894547988 9.497613366261142 -2.4427395850197478
15.701026860185195 6.0 2.5585319516032685 21.091829367341305 9.439725062359116 40.863039689208634
15.772092976795756 6.0 2.634123937033609 38.927531834041694 8.985391317219369 47.229375489949085
15.84315909340632 6.0 2.557919301784756 29.948979220755866 8.615893280030162 -9.290166344746767
15.914225210016882 6.0 2.612982855097259 22.99447023440947 9.471295335703983 33.58485307805188
15.985291326627443 6.0 2.466534303616698 28.18303224493524 10.294451447475044 29.392251640028036
16.056357443238007 6.0 2.563469794626202 20.465715175513335 9.89952569341971 19.996802918528047
16.12742355984857 6.0 2.551905290433448 18.688885859480038 9.714453149398848 -46.710472542314484
16.198489676459133 6.0 2.520312377228568 22.895517477181503 9.558362419212 19.037941748193926
16.269555793069692 6.0 2.5252832263760987 21.439072841565128 9.16221104535804 28.300341438167404
16.340621909680255 6.0 2.494415189020106 10.762121364025178 9.338588228524031 6.019588488566524
16.41168802629082 6.0 2.524928975535831 30.14354513662311 7.8693822415275125 15.501053884013473
16.48275414290138 6.0 2.4768172805382256 37.808236621966934 8.085698509727377 62.761114463635536
16.553820259511944 6.0 2.6479204473614932 32.221414727069224 9.53537436615822 -15.656740191702447
16.624886376122504 6.0 2.5373319616443526 19.35651953343308 8.17732693679562 12.440123293297262
16.695952492733067 6.0 2.524031767176848 22.969637156441774 7.403741476501182 -9.493268459952072
16.76701860934363 6.0 2.5618462866821963 24.29123680684364 9.899298271523294 -9.708994590682208
16.838084725954193 6.0 2.734594995455028 26.269280268178548 8.639308473680568 -1.2680212518811578
16.909150842564756 6.0 2.6420041861784105 9.904211848936283 9.365697298428806 10.499993585113934
16.980216959175316 6.0 2.620907254316782 40.66443940565975 10.087509312860504 22.018924911692324
17.05128307578588 6.0 2.548467370599548 21.807811284268404 7.840144781060808 31.437942379908602
17.12234919239644 6.0 2.6040480584933143 27.97725408426444 10.221046018435015 -13.074980779918832
17.193415309007005 6.0 2.6294814935184636 23.585739104998154 8.079264099020092 -8.918286624086965
17.264481425617564 6.0 2.5281137187138683 12.369943721729053 9.510862033908396 -10.343833505801289
17.335547542228127 6.0 2.5320850552758194 18.44095023084111 9.909204209581523 -8.117955618802554
17.40661365883869 6.0 2.571413225103714 9.491045262794811 8.14784632334934 23.07937028346335
17.477679775449253 6.0 2.594230407557439 12.439709354306512 9.171068925258988 39.10396415386232
17.548745892059816 6.0 2.5642606268573074 21.67075342072251 10.818742611050094 26.048696645576886
17.619812008670376 6.0 2.4979740479849712 11.24367226141774 9.08896612105005 15.634742593029346
17.69087812528094 6.0 2.602587709937565 32.32039678717448 9.015738488622846 -4.18811790408226
17.761944241891502 6.0 2.6167118718760496 19.600709633744675 7.977942414684154 19.63109117101148
17.833010358502065 6.0 2.515911760958671 21.868248461613632 9.75861806730541 -6.698135144630536
17.904076475112625 6.0 2.5456400545510225 19.258174691442594 8.450169045548645 34.01733531649127
17.975142591723188 6.0 2.5263294783757613 24.337096478922884 9.562501933510237 15.551629518587301
18.04620870833375 6.0 2.541253258412288 16.481486298827114 9.277630491665764 5.217067544973624
18.117274824944314 6.0 2.540953536632758 21.407172071829574 6.4819611614122845 42.258058271841115
18.188340941554877 6.0 2.5496733038804473 6.379892911819795 9.184639940667187 19.952873424704734
18.259407058165436 6.0 2.5288282621964786 16.125468220814554 7.313149204397571 20.029307722060167
18.330473174776 6.0 2.5424753622967136 13.287194509972698 8.691140342936547 1.1470065917719214
18.401539291386563 6.0 2.528193438511873 18.728025130480543 10.452523520555191 10.98431489123078
18.472605407997126 6.0 2.5243245161816636 4.919216961062666 8.897734156486766 -6.041714419435003
18.543671524607685 6.0 2.5378359678007403 26.826245417140797 8.711629634819706 8.57237285494216
18.614737641218248 6.0 2.587796488557698 19.12461154143589 7.771341039189567 -11.947628500970296
18.68580375782881 6.0 2.555984387491273 23.123723165749144 8.909950830197118 -16.72204519823281
18.756869874439374 6.0 2.5287692140023212 24.049778877882893 9.849849537761955 -3.5208519718485967
18.827935991049937 6.0 2.520315743651384 15.185610254504109 8.387035965400695 -11.4182531216161
18.899002107660497 6.0 2.7222596235949243 13.681819101847482 9.882359254904102 16.509727594876615
18.97006822427106 6.0 2.4431083781841063 22.897635344797354 9.41033965515891 20.655759698105456
19.041134340881623 6.0 2.4568466166664726 24.955504645033532 10.188944889221059 13.874009586083695
19.112200457492186 6.0 2.5705279699896413 29.635693971546996 9.233840746529152 -30.632017931638742
19.18326657410275 6.0 2.652500323793838 17.829094212455416 9.212300435206 -24.95685256066508
19.25433269071331 6.0 2.5666066582152816 32.446087979738316 8.535352962551558 4.301349194208215
19.32539880732387 6.0 2.527628433213241 12.505279829184047 8.421498671734344 15.173338722983567
19.396464923934435 6.0 2.512277079351256 22.189895424775603 10.22293629185247 9.133485243057773
19.467531040544998 6.0 2.4808787008971382 26.724886006681885 11.67368548165442 21.01116485666139
19.538597157155557 6.0 2.647463686920264 22.59219836127307 10.369382709347498 15.06714233949303
19.60966327376612 6.0 2.5387699462340136 0.5901358725633941 9.643314867158749 8.944178947813386
19.680729390376683 6.0 2.582100655612609 22.487279439971616 8.98735751076708 32.71207408803884
19.751795506987246 6.0 2.605395791931394 25.977633712194127 10.158202718543475 7.240802848899409
19.82286162359781 6.0 2.6169471786892475 36.1678774104228 9.870929779803488 -6.326828397120119
19.893927740208373 6.0 2.481826750813878 12.245322876072748 6.9779507334376545 16.95371147789229
19.964993856818932 6.0 2.5002628429959217 23.04626888655032 8.689714321311708 -3.5671398617177434
20.036059973429495 6.0 2.6119606679667093 28.663969472428285 8.894819496319924 14.010605968987841
20.107126090040058 6.0 2.6309680041021384 14.944316135403376 8.157878131815847 -4.2216216781600675
20.17819220665062 6.0 2.658038652626691 23.13749056020299 8.524670789597959 -1.8563911822791042
20.24925832326118 6.0 2.5373709851018664 27.859714163858424 10.066411096225238 33.71988013166326
20.320324439871744 6.0 2.574651922316229 28.662720926687975 8.679707959994298 8.386152063188565
20.391390556482307 6.0 2.549062309735104 11.892482585938863 11.247639142396807 27.540446238476807
20.46245667309287 6.0 2.580335073396415 -0.189085548226803 8.942765665680854 4.803829119331715
20.533522789703433 6.0 2.5942682277749682 13.492225614202926 7.380433359525576 16.975153357426755
20.604588906313992 6.0 2.590321279838649 13.249992838095054 9.054429922887875 22.3919108640298
20.675655022924555 6.0 2.592995927907747 18.767938226575467 6.8577992547907645 13.764314204905563
20.74672113953512 6.0 2.5144827236489045 25.9366926887845 8.616905098543079 4.1257721722253455
20.81778725614568 6.0 2.5040551489130136 27.595118532684864 9.38168469121169 -15.036553382671094
20.888853372756245 6.0 2.520708056183381 23.35330574119077 10.798036548029994 30.589621808136854
20.959919489366804 6.0 2.4128481850344703 10.442082058563823 8.010807970605539 5.203892995142163
21.030985605977367 6.0 2.5228056978706674 26.41109457420187 7.859893957787358 -32.19267288226091
21.10205172258793 6.0 2.5838398010825134 14.494105440587916 7.4604689990391275 -5.387407753030743
21.173117839198493 6.0 2.525494311839461 25.270244582759837 9.934282990204263 -20.245107483102863
21.244183955809053 6.0 2.560781677216409 22.136225762920027 8.201097689051405 2.6420345850458062
21.315250072419616 6.0 2.4727277863622255 14.013676652406023 8.167763299865939 23.83550509901549
21.38631618903018 6.0 2.532155198075887 27.793017618106653 10.252900279558908 17.10192309541219
21.457382305640742 6.0 2.5596037380230063 14.379245435757873 7.925776838734439 -19.207100814815096
21.528448422251305 6.0 2.580046373342246 13.794920897380708 9.946785280315408 21.717987233064004
21.599514538861865 6.0 2.551159682251897 26.579847152208522 7.885267112079283 -1.0544625603127455
21.670580655472428 6.0 2.48432540049677 27.290202793724728 9.051481259656118 -12.72304464151772
21.74164677208299 6.0 2.665810749685488 19.343284296873108 9.611203978554002 16.0343920468925
21.812712888693554 6.0 2.466122189183366 17.099549438595307 9.845866390429245 20.194581308765276
21.883779005304113 6.0 2.4391492942329376 27.69095609484673 10.349803403586515 -20.61642511357755
21.954845121914676 6.0 2.568169543889745 18.282346986755748 8.553783429200827 -3.0889329328720567
22.02591123852524 6.0 2.646918983407458 16.02766898757516 8.905112010729198 21.66992830440047
22.096977355135802 6.0 2.732201450116332 22.224575857777197 8.501809772981394 12.44403648080755
22.168043471746365 6.0 2.5498295861881313 28.291351197618333 9.339084109291491 4.488153006163131
22.239109588356925 6.0 2.4723232101930273 19.301215322830014 7.896916718607623 0.8860426336216873
22.310175704967488 6.0 2.593406587641356 17.470713770271757 10.456224439710258 3.0896479405403556
22.38124182157805 6.0 2.4435322402099406 42.53977981114045 8.610316539489073 -2.860723711428264
22.452307938188614 6.0 2.6053753060001306 33.843371939383694 8.778603792137034 2.6895767274609024
22.523374054799174 6.0 2.561963032227758 43.49033221608858 10.611789531089904 -12.114650039862902
22.594440171409737 6.0 2.5510720733490384 17.101426837095957 8.409827069230884 -1.462033839396475
22.6655062880203 6.0 2.63418717316017 31.965739651078074 8.548760718263928 -3.0898640622134117
22.736572404630863 6.0 2.572952859725178 14.022345523776302 7.99778555726238 4.436732908602824
22.807638521241426 6.0 2.5636696533835135 21.65773412426823 6.170054135024131 -4.615078205623782
22.878704637851985 6.0 2.4736426636409568 17.565129198768943 10.656139397455298 11.454024770691984
22.94977075446255 6.0 2.5234298476689014 29.924213905695307 10.11462641113111 -12.86087308488348
23.02083687107311 6.0 2.5576925581633176 29.149187135038005 8.834408487160887 -31.843719161641665
23.091902987683675 6.0 2.4751843059126575 21.656112965317906 9.23844126093292 -25.95064784695322
23.162969104294234 6.0 2.6136934130393645 40.76990436919985 8.210803510576866 23.537574715482272
23.234035220904797 6.0 2.4778212154777455 23.69584700414735 8.640224580914797 11.626047465633384
23.30510133751536 6.0 2.5619481473927697 11.865655449421169 7.274410698298378 -18.998705522981478
23.376167454125923 6.0 2.476987413721019 25.83217719026831 8.420593895384531 12.407742489933174
23.447233570736486 6.0 2.487545765995124 17.9174438305934 8.511327278593397 -6.795766164769811
23.518299687347046 6.0 2.5382584184616905 17.98724340768022 8.724292164693198 -8.728952426909624
23.58936580395761 6.0 2.536018244037365 7.627775383879451 9.32945254733375 -13.869344402321936
23.660431920568172 6.0 2.6071344635979457 27.018351079170223 8.70334918303568 3.3305467902655663
23.731498037178735 6.0 2.4897496662482874 18.549947891797697 6.472697719860928 -15.062583103321398
23.802564153789298 6.0 2.565526390660392 28.401274309366414 9.918923401871625 -29.92914560382001
23.873630270399858 6.0 2.6933733519919723 21.760613299752627 10.439004682113039 -22.122954201147753
23.94469638701042 6.0 2.588264337230764 22.11195549478001 8.688998375182084 11.250591021702498
24.015762503620984 6.0 2.4760467395170456 19.234942627854288 8.928423984604667 25.74608799862833
24.086828620231547 6.0 2.642442737477868 7.167063029513503 9.32191907723863 2.0320641522352787
24.157894736842106 6.0 2.4969479010252087 26.581417179518425 8.225179447423244 -6.795386872737392
24.22896085345267 6.0 2.6425991313823913 19.154555803441188 10.128548482745792 -7.2888555046495895
24.300026970063232 6.0 2.550385327797693 8.761160576666924 10.716571226003555 12.54118020546607
24.371093086673795 6.0 2.66119597619449 14.877764683591163 9.152184672570083 31.90615102324825
24.44215920328436 6.0 2.4987138520199257 18.452579845194172 8.411236960945116 11.638769200097247
24.513225319894918 6.0 2.5885905823852338 21.671358843379526 9.186001153580944 -10.188721442645694
24.58429143650548 6.0 2.4670572587419426 13.377625959854166 8.699594582860785 31.647046734244885
24.655357553116044 6.0 2.5048520308757216 25.016537459173534 9.749875947481055 4.118143348820837
24.726423669726607 6.0 2.5194817998101655 16.919342392419914 7.534347396504629 27.525051094147443
24.797489786337167 6.0 2.5833983526548656 30.204432382726782 9.34876322098904 54.59594964729461
24.86855590294773 6.0 2.4751815309347376 13.983620514141192 8.649268326445466 3.1235656264562035
24.939622019558293 6.0 2.53348880085978 26.822578160333872 6.596476614350671 -2.674630307874569
25.010688136168856 6.0 2.5735260419485746 16.599069284290916 11.081547361432486 -1.1213465084742715
25.08175425277942 6.0 2.5937728704277454 25.256820834471483 9.00766938353745 -1.777787138932787
25.15282036938998 6.0 2.586077263789111 22.84199099893077 7.578799801742832 6.360793916483512
25.22388648600054 6.0 2.540894557103864 31.316227008559636 9.68061625034042 30.838941513611488
25.294952602611104 6.0 2.48492854806868 38.57883754811158 8.901668923956096 52.84066157035497
25.366018719221668 6.0 2.4418243875235985 36.391416750421826 7.940771212552231 59.7848799086244
25.43708483583223 6.0 2.5555282820141527 38.04147839091847 8.231215069676509 56.60595791808522
25.50815095244279 6.0 2.4957926270823707 39.88740387951717 7.961223680394625 53.00538914704871
25.579217069053353 6.0 2.4728827197037675 49.64162372457166 10.686822348267604 50.1116411684529
25.650283185663916 1.0 2.458978215787608 47.06859859422804 8.992206633126251 104.3408564746632
25.72134930227448 1.0 2.376347039338694 60.06311357323969 7.198799909741087 109.5519132073855
25.79241541888504 1.0 2.275229307554046 58.66839911670819 9.146882024407214 96.8815056405923
25.863481535495602 1.0 2.326022240505921 65.0196131858878 7.514224866332349 94.63383540259655
25.934547652106165 1.0 2.322974010792806 71.63176103302484 7.781722508670087 128.96179453855373
26.005613768716728 1.0 2.35935491693613 66.05616342539221 8.11944435874012 106.2392556169443
26.07667988532729 1.0 2.2453398185925817 57.87936380392359 6.921647359297943 148.32565826451608
26.14774600193785 1.0 2.325359486071841 74.67638469842235 8.641664992269263 130.97163581160316
26.218812118548414 1.0 2.236413436676152 68.98912502764097 7.620708109975232 144.8732043607738
26.289878235158977 1.0 2.303528459651341 79.64433235838783 6.3283485611439065 171.66266582632704
26.36094435176954 1.0 2.1695054458454393 63.372361609022605 6.968975197783655 168.94903055468936
26.4320104683801 1.0 2.1918924710259 80.10558919976606 6.911660868645836 165.79910594334126
26.503076584990662 1.0 2.273795814902921 74.72328347903309 7.511542522184014 159.3587328969502
26.574142701601225 1.0 2.2541461975231063 76.82607241272143 7.524541576593926 181.1585749000275
26.64520881821179 1.0 2.271561291779712 86.82278015104954 7.133746840012837 221.89709775053402
26.71627493482235 1.0 2.286691475571312 61.077217715576325 6.4413124742793935 177.13483817961267
26.78734105143291 1.0 2.226251425914556 72.27864788519362 4.520689431101049 138.59943608955874
26.858407168043474 1.0 2.2211816022289907 72.45201030112298 4.555295167746438 177.9359017451057
26.929473284654037 1.0 2.2315010346182915 79.76553971909297 3.4517140715565184 162.33519778898406
27.0005394012646 1.0 2.288821190708905 69.89584644327513 4.536883268013995 136.6085216282172
27.07160551787516 1.0 2.23812370095502 67.76749076074037 2.608776192200205 182.88367259902088
27.142671634485723 1.0 2.2215653930736843 77.15983338387723 2.3168774384282127 172.204597949762
27.213737751096286 1.0 2.209429861431864 73.8454909245733 2.6251992730728833 180.21948505584885
27.28480386770685 1.0 2.2468807891076468 69.14217404548282 0.7947494713423975 144.6386097899968
27.355869984317412 1.0 2.227508119264353 76.88052342556436 1.6431905967041067 148.1624002396878
27.42693610092797 1.0 2.2757767082089098 84.45713791404432 2.5653288459830597 199.42673457805168
27.498002217538534 1.0 2.294052972219669 84.83934065415045 2.049832237881274 164.09815671602115
27.569068334149097 1.0 2.2612080056754755 79.75954175301386 2.0557304866359294 152.3465207706711
27.64013445075966 1.0 2.3656385703783296 72.51763828254133 2.6692087848469543 172.14515994625273
27.71120056737022 1.0 2.2822093512019297 86.82996920274486 0.64351831432234 146.10192268462185
27.782266683980783 1.0 2.224901436569582 76.65089822112525 1.78270787649229 191.95664335392613
27.853332800591346 1.0 2.2697006504567083 78.82780925733756 1.1132267415143238 167.06441045731154
27.92439891720191 1.0 2.219100105243775 74.803422864311 1.5147490473455374 171.88523161429515
27.995465033812472 1.0 2.3497457602100487 73.24694492527865 2.7257971659284896 176.78189520840283
28.06653115042303 1.0 2.137974475746006 69.09641230681932 2.750508872198616 162.86961971492053
28.137597267033595 1.0 2.354880905971998 70.8847108438103 2.1495966550699785 167.9346371984009
28.208663383644158 1.0 2.3448219028754176 82.72805453838465 0.9064409371060052 163.1888376599241
28.27972950025472 1.0 2.2958752117466226 88.32685897959605 2.802218295013066 161.27999032075974
28.350795616865284 1.0 2.2727432236099663 85.28730237527512 2.939779489835025 145.86738853975953
28.421861733475843 1.0 2.2063129948257347 74.12890327161881 2.984205775212547 170.2693391394488
28.492927850086406 1.0 2.286658738086732 86.34685031691987 3.4888975510937694 166.57825057253055
28.56399396669697 1.0 2.297735730405125 72.78929050451958 1.376591171330153 174.7930288712238
28.635060083307533 1.0 2.3687092469622852 73.57405644885884 0.03733015398421147 170.55087017777726
28.706126199918092 1.0 2.198510759303025 80.6528712398496 1.6211772278692724 209.9705767191258
28.777192316528655 1.0 2.2856621841715072 76.604204920605 2.866472076079485 148.98645165810038
28.84825843313922 1.0 2.3250390091869093 73.62346741944384 2.2006906191451554 153.64251999442422
28.91932454974978 1.0 2.3370966275030574 86.06880341267217 1.0499469346525896 197.60073709566885
28.990390666360344 1.0 2.277916421132325 73.904670952069 3.316443534653395 179.03492500972973
29.061456782970904 1.0 2.2511253084728073 67.25575969484923 2.9343528063656694 173.46093455076365
29.132522899581467 1.0 2.1698863892574534 74.32894116704102 2.8802894743239653 175.49876258651182
29.20358901619203 1.0 2.2789184606367687 81.77508479633734 2.167732626483772 199.2800430003516
29.274655132802593 1.0 2.232690056231707 74.04314036940046 2.23028886345713 185.6789205604386
29.345721249413153 1.0 2.217989357467942 63.11121617777573 0.9407482829520006 144.719052050472
29.416787366023716 1.0 2.2725500124335167 73.0611432689198 2.3723424785048084 183.95130357890196
29.48785348263428 1.0 2.3390595835766628 69.8753060757281 2.733689062528665 188.0554424681884
29.55891959924484 1.0 2.1576508453160534 77.73547096091941 0.29280124257071805 164.72129781874276
29.629985715855405 1.0 2.1866510245959336 73.38491619490932 -0.41437459645522967 179.03057975255055
29.701051832465964 1.0 2.2627600414117555 69.03530866883409 1.5983819700292212 171.67150964708247
29.772117949076527 1.0 2.1894262106566806 86.55350345071423 2.9386100580117613 195.5374693073188
29.84318406568709 1.0 2.149933852363907 70.70802959642087 2.054941685429552 170.04694315742427
29.914250182297653 1.0 2.258562298297534 78.94592315684837 3.1132900812528095 156.5985680532468
29.985316298908216 1.0 2.3028790655955147 79.5121329371386 2.3132060873348466 198.560579468136
30.056382415518776 1.0 2.3242681384616586 63.172062992262475 2.1858979594330403 146.73783448570077
30.12744853212934 1.0 2.3698984224872732 79.94422131079502 2.8281282330260265 168.75276228523776
30.198514648739902 1.0 2.253873440918822 78.80740508007874 1.6387859438390642 168.52003218879045
30.269580765350465 1.0 2.321021538893653 75.90371916106446 3.398161598735292 162.75563139978982
30.340646881961025 1.0 2.2376525089486763 66.67560453373252 1.817819251825833 173.0626729724995
30.411712998571588 1.0 2.266957848198434 59.563825665698445 2.138737822977955 167.81979245347338
30.48277911518215 1.0 2.2423050790736476 80.11878339187521 0.95807694400316 152.03581355067826
30.553845231792714 1.0 2.158747069722537 82.90058923222216 3.483977849778576 147.93448837660267
30.624911348403277 1.0 2.173583343373824 87.86239734025276 2.8325104781622676 156.63600640143804
30.695977465013836 1.0 2.3909731088036605 84.03501922910041 2.0210313772054276 131.27545618145717
30.7670435816244 1.0 2.184238879283257 77.55753211751687 1.745942217521213 156.42273724116401
30.838109698234963 1.0 2.302081373793505 76.1107044670828 2.5784854960211305 186.43224671124585
30.909175814845526 1.0 2.2574085752083564 81.78028092954743 1.9036432087912596 188.782212850688
30.980241931456085 1.0 2.157433581216904 80.46063377367355 1.781613222218338 172.92213891630217
31.051308048066648 1.0 2.206329942029422 63.81362126387579 3.1925115480470865 186.61725054524015
31.12237416467721 1.0 2.164741245364349 60.54728869867785 4.015538321571533 142.1219430804039
31.193440281287774 1.0 2.2654576764059247 93.31025474115123 1.6235555942231117 160.07681149858644
31.264506397898337 1.0 2.181560450890785 56.436352670654564 1.526959456944232 171.96958245406648
31.335572514508897 1.0 2.236791257183616 78.70099273251348 3.9335182098569836 149.27537383455834
31.40663863111946 1.0 2.1777604775758426 70.88976703516445 5.2447442929075 169.04514258437214
31.477704747730023 1.0 2.160971809027773 76.02250553701592 6.11556791931351 167.0452999593747
31.548770864340586 1.0 2.292699522492414 71.79063154166953 5.416032162540672 158.84299062443085
31.619836980951145 1.0 2.272872007005095 87.47271445723015 6.7323529537178946 182.11744328124462
31.69090309756171 1.0 2.240806364508892 73.47230663311944 5.65389128444796 186.43257230263197
31.76196921417227 1.0 2.2269313473566466 63.7340747453715 6.198719465978663 151.3092881692322
31.833035330782835 1.0 2.2800327697227925 70.3498746666872 7.045121405467356 160.43847832477653
31.904101447393398 1.0 2.2944764334439607 66.7337450213756 6.463080657572062 158.52418747693096
31.975167564003957 1.0 2.208941081564248 66.42437640577067 4.67227492086678 131.73746444583625
32.04623368061452 1.0 2.2949182854323604 69.88360786204501 6.355608596955311 175.1969914426305
32.11729979722508 1.0 2.2349448243208463 67.92165269628111 3.1722554451416975 148.9829640682684
32.188365913835646 1.0 2.267888406461569 66.96174708081571 7.2547393352731735 154.53455836028925
32.259432030446206 1.0 2.2588271369325565 66.00566176794317 6.251449361772629 157.42884805088045
32.330498147056765 1.0 2.2549384358620173 68.86929128807304 6.6585357765674225 121.7164287550401
32.40156426366733 1.0 2.286599311931079 57.18677622302648 8.622989095282973 137.47675097410342
32.47263038027789 1.0 2.2348021402630587 65.33987123480976 7.954169873512889 93.6938503126369
32.54369649688846 1.0 2.3354823215053138 55.21022527867356 8.269335730278511 125.50707155411169
32.61476261349902 1.0 2.373272527666194 62.20562131348596 7.939917498851229 92.3499895323166
32.68582873010958 1.0 2.201239128158474 43.55225523620769 8.045676290996106 88.85857735710992
32.756894846720144 6.0 2.319618241757129 33.04116593880655 7.417326692026258 76.92987964763448
32.8279609633307 6.0 2.4736901748857916 46.440841200789244 7.53443626746666 96.37208772918754
32.89902707994127 6.0 2.5319174743967814 44.60763381219978 8.995646325600223 89.67511212102946
32.97009319655183 6.0 2.402738045321131 31.863030964239364 9.070669453899507 80.80837699522726
33.04115931316239 6.0 2.5863336649016966 40.01486746929358 7.753305813843348 27.44282470625534
33.112225429772955 6.0 2.5529281654663327 20.239119036737485 9.383371124399302 51.271021541428084
33.183291546383515 6.0 2.516025723523105 25.828089310735255 8.54964515953324 48.912945125772275
33.254357662994074 6.0 2.5627619018870886 35.89971882694762 9.318700392839053 27.00191981200103
33.32542377960464 6.0 2.516145273681023 22.80547823407126 9.411503752846965 42.19864032446402
33.3964898962152 6.0 2.4970447987704047 34.686280520455796 6.975887479460338 5.042111572764664
33.46755601282577 6.0 2.639569945467164 11.225370446900653 7.176541161159494 25.99696504076529
33.53862212943633 6.0 2.5199944017052154 20.183085091019407 11.726609012137164 2.5225730164239053
33.609688246046886 6.0 2.501788546515107 21.341191898044464 8.06726089164758 18.54451794340049
33.68075436265745 6.0 2.5373601698278927 29.221088325007734 7.498304780367584 -4.583110628593646
33.75182047926801 6.0 2.456950299087821 21.96368014211443 10.627562978770243 -7.357500261616461
33.82288659587858 6.0 2.5350368246438593 20.175531023761028 10.739555821412836 9.673451019908086
33.89395271248914 6.0 2.5008820846709146 35.33591958521195 7.813896353955823 -7.670786509673536
33.9650188290997 6.0 2.5675321297435696 22.73923096642906 9.740073009280096 4.804529347578588
34.036084945710265 6.0 2.4978537078684653 9.281296957974003 8.018390200038585 -24.875138122140655
34.107151062320824 6.0 2.535242991444023 21.272054097829372 11.164548920935951 9.126847301562258
34.17821717893139 6.0 2.5578813678018077 23.125300220338012 10.18294800742232 19.386585115853073
34.24928329554195 6.0 2.6077114982650595 16.751402100559428 9.39254739340043 -0.32978305723339485
34.32034941215251 6.0 2.532791277317406 19.403992883912405 9.02215987738359 -34.19147290770897
34.391415528763076 6.0 2.507828901850825 31.59932230311457 8.143443228215732 -6.313033287508796
34.462481645373636 6.0 2.6271738492440724 19.00321452171643 8.973422493426565 -23.104779452664953
34.5335477619842 6.0 2.547908042106294 16.16210909180278 9.910204363236677 18.733266069009527
34.60461387859476 6.0 2.5244866145489024 17.491989289727933 8.845867203569137 -22.019960995683597
34.67567999520532 6.0 2.5585528858958764 24.954645037863447 9.344342099541686 -10.198393856536956
34.74674611181589 6.0 2.4584327594666875 27.404784643874883 9.624355071348216 19.476155224616928
34.81781222842645 6.0 2.5106039001956066 11.597561342501692 9.559521147206036 27.65525435879258
34.88887834503701 6.0 2.5670600874773033 21.377594837802373 10.525140098071745 -14.568583576125157
34.959944461647574 6.0 2.5807350362325567 12.909599390358009 9.425740613123466 1.1546428762181886
35.03101057825813 6.0 2.5189695536486285 34.33845703472972 8.024646652739197 13.720647494696934
35.1020766948687 6.0 2.508191727542973 28.20161167516833 8.331103186026931 -5.0243983820167255
35.17314281147926 6.0 2.6258421970936485 23.514613229673493 8.740428867648486 -8.660438270299256
35.24420892808982 6.0 2.5340081917736397 28.41454871296954 7.820581945512876 0.15905630967964246
35.315275044700385 6.0 2.544087674797982 13.278615858642677 8.889997442854591 -5.287000322363218
35.386341161310945 6.0 2.508943370577957 16.508664818400156 9.072709646356671 -4.216934819903008
35.45740727792151 6.0 2.560567346374894 19.976701960286555 10.13154877381638 -7.710673504530478
35.52847339453207 6.0 2.6340372568349046 29.418395131571458 8.838945247143199 28.55402626237099
35.59953951114263 6.0 2.6514073076498668 28.623867369084774 7.830412783631416 22.43237582613049
35.6706056277532 6.0 2.6242193232467366 21.360457306929607 8.918563741279872 11.977427029644506
35.74167174436376 6.0 2.463677554894865 26.12140857154616 7.32165352493508 28.112244432697334
35.81273786097432 6.0 2.545241907580385 13.127387263588492 9.434379865739357 23.190150451888808
35.88380397758488 6.0 2.4900782349886947 25.16382503693241 8.721727064889212 12.38075879363086
35.95487009419545 6.0 2.602332127205638 20.062470541846192 9.231476824234951 0.0856771000226253
36.02593621080601 6.0 2.595412517594215 11.491395589303426 9.371135527229447 5.533113040854681
36.09700232741657 6.0 2.561648690785328 21.517667378248046 7.920881007854748 -25.079187904727082
36.168068444027135 6.0 2.48990112617235 28.836093381733697 10.532754223448709 -6.277583883901439
36.239134560637694 6.0 2.7488022327170185 14.378303691276203 8.925718860340046 10.849176354893418
36.31020067724826 6.0 2.454268429914835 18.67375753904318 9.301304703209707 -5.885521578926671
36.38126679385882 6.0 2.651868304275349 8.677871124501246 8.83345797738891 -0.47619926030207527
36.45233291046938 6.0 2.5866694687255714 18.89973376357857 9.42405216166462 24.472306329794094
36.52339902707995 6.0 2.4948494525726783 25.96345900182246 9.899551545304698 11.65169035161803
36.594465143690506 6.0 2.616776437456191 14.32431026538637 8.518363632304517 -12.595492268376198
36.665531260301066 6.0 2.5979548635033445 21.440664366315268 8.115390397239928 -12.397056112931345
36.73659737691163 6.0 2.5745651107487584 28.516600195656146 6.897563368371441 16.357952555247067
36.80766349352219 6.0 2.5759746079179466 28.241129405769684 9.581950654654479 26.66071871099513
36.87872961013276 6.0 2.6650375686573198 26.604254508487646 9.352826448235914 -20.876050526398323
36.94979572674332 6.0 2.6908828226323878 18.368673278383227 7.600691972379646 0.34663267482427074
37.02086184335388 6.0 2.4625953358927966 14.546708401127253 7.125353213896119 18.49485992231152
37.091927959964444 6.0 2.553068442157363 24.514691919390017 8.873461784902117 26.366201872261428
37.162994076575 6.0 2.5929182056684037 19.689178131379553 8.648571845619832 -0.6547869416726684
37.23406019318557 6.0 2.4805802535615675 22.74784147441075 9.068827300652828 11.35421144047041
37.30512630979613 6.0 2.6122472554279814 22.568036291099197 9.854919588082794 1.7751343822845485
37.37619242640669 6.0 2.603820650876883 32.72735957552831 7.824896204523242 21.884141155566702
37.447258543017256 6.0 2.537352796604299 15.949373425247625 9.228375332468737 3.992488883128509
37.518324659627815 6.0 2.6013060314993246 8.182495005592239 9.783752458908843 4.6293342926855665
37.58939077623838 6.0 2.5812402047739207 5.7042859404121025 10.32551675793704 26.16495460963904
37.66045689284894 6.0 2.639679862038731 20.731806527686263 8.341615557651979 45.74487167210871
37.7315230094595 6.0 2.5711493559831253 36.989105144244036 7.190780500896932 62.250764806998085
37.80258912607007 6.0 2.612171230123751 30.36732143352306 9.868472968137423 21.133250285260875
37.87365524268063 6.0 2.5514636060802167 6.31673265024785 8.234040394782589 29.91962489343838
37.944721359291194 6.0 2.500557033236845 20.99529463262414 9.69261312970224 15.60266812950751
38.01578747590175 6.0 2.5923692510139333 39.00545633825298 9.090217291425713 10.406114702839474
38.08685359251231 6.0 2.4448244598369735 21.134696398751775 8.729709805800104 -5.579258917598914
38.15791970912288 6.0 2.615581804024999 31.600454649024616 10.464732853741125 6.1823250542459345
38.22898582573344 6.0 2.5683854900944323 25.08111311057 8.744790112905939 20.695702892193225
38.300051942344 6.0 2.639664806868313 17.78887301716047 9.598894662467963 -12.795194232948162
38.371118058954565 6.0 2.612974416303381 35.062374303572305 10.956583081307677 -8.073932469223775
38.442184175565124 6.0 2.522086863907817 24.019664899246372 9.516139132584915 14.26531158192148
38.51325029217569 6.0 2.5931130479327877 10.266426786270996 11.107030700646696 22.803249945138823
38.58431640878625 6.0 2.5223865607466966 23.372166534590797 10.48892709559103 -4.311026393444724
38.65538252539681 6.0 2.507228830486259 37.37653058433152 9.292429516225754 7.075051796726834
38.72644864200738 6.0 2.568298166990485 25.570793700590944 10.719123713402734 -7.616942804298766
38.797514758617936 6.0 2.5277190702244647 8.28874130889355 11.210742860552854 -17.366365073944532
38.8685808752285 6.0 2.5955680330600908 13.375922792892913 8.21119641240973 34.79643420655768
38.93964699183906 6.0 2.4689669223681463 17.01131266368088 8.542264866588978 12.093872548833243
39.01071310844962 6.0 2.5843870162198095 15.352104241399765 8.135535682212222 14.36549551472166
39.08177922506019 6.0 2.5402080630880577 15.893242383360494 9.72564334747227 6.254388209355594
39.15284534167075 6.0 2.458703427047814 25.031704520160126 10.362256504586242 53.78285971976894
39.223911458281314 6.0 2.507998976712924 23.483936490554537 9.704866693166533 14.043077893233477
39.294977574891874 6.0 2.6637139983502833 18.8608964284848 9.979039293738099 -15.799710769175153
39.36604369150243 6.0 2.630937271978348 19.33094231473506 9.238869055463464 29.555013519622985
39.437109808113 6.0 2.535913583911626 24.214521164601297 9.270838068224322 -1.389495960842945
39.50817592472356 6.0 2.57793973503905 28.26942670267012 9.330544328368504 -2.814343793290117
39.57924204133412 6.0 2.5493738915569013 24.938858705447856 9.373024771473172 23.834023753491337
39.650308157944686 6.0 2.56928610007824 23.90357220757493 7.916427150965261 11.376173101235523
39.721374274555245 6.0 2.4792641961083124 18.111469331723676 10.177771091316012 -12.014680828112198
39.79244039116581 6.0 2.545766884686997 19.59710561928786 9.09783550034528 30.584722797119966
39.86350650777637 6.0 2.539945451264616 10.011737606440398 7.455153025495858 -4.071287789199559
39.93457262438693 6.0 2.424667647331925 28.217322217224623 9.370312436231812 21.82435380737781
40.0056387409975 6.0 2.5599491641722985 1.8920728851578552 9.150655199389453 18.57036967704038
40.07670485760806 6.0 2.515296227981398 27.458792011306457 10.344311069634575 -14.011901076136365
40.14777097421862 6.0 2.549273739888455 9.462832884310254 11.424145954547633 -27.317349522758462
40.21883709082918 6.0 2.5204753080062385 15.944847991829185 10.328349123802479 33.06894872928366
40.28990320743974 6.0 2.572543321626247 14.137076233791465 10.091306416342853 2.7522607908452033
40.36096932405031 6.0 2.524732298337065 27.604775526632054 11.073530563570657 0.8440662483946246
40.43203544066087 6.0 2.586160671935548 27.182010309258988 10.498114116871877 -0.79957335684559
40.503101557271435 6.0 2.5758224211148364 22.035364689868427 8.424286197468438 -9.687216063944643
40.574167673881995 6.0 2.49513689375943 16.189919969397224 8.784872159498079 1.6331055047403407
40.645233790492554 6.0 2.5834717053905267 0.27210161266111044 9.428014984669197 5.551834949408141
40.71629990710312 6.0 2.5265434638509103 33.45776161111001 9.382864158766404 -12.054678521579913
40.78736602371368 6.0 2.4898042484107266 22.893898808218754 9.214981137427323 16.658573480240918
40.85843214032425 6.0 2.5769689880081783 25.987733139951096 6.727204127209649 20.199133793848254
40.92949825693481 6.0 2.568717212853547 23.129550959426314 9.535697926442708 18.7419920982568
41.000564373545366 6.0 2.6218346512126964 21.716719760860457 8.540314766031477 20.11207045152858
41.07163049015593 6.0 2.5493718520896813 11.900598254870674 8.833541405036204 7.083151826402401
41.14269660676649 6.0 2.442825358359574 11.491181559290732 9.321677911524889 -42.96461406501735
41.21376272337705 6.0 2.473909502827495 15.944123863216966 8.794596920650205 -8.318496394332499
41.28482883998762 6.0 2.559029447787251 24.32792176555252 8.801223234713145 -0.8069826357678815
41.35589495659818 6.0 2.5179949122734606 18.33472541498887 10.425983059448436 17.35504970702673
41.426961073208744 6.0 2.5184394266170944 16.60784535261636 9.145814087207663 -16.59992209955348
41.498027189819304 6.0 2.5427680402068393 22.685189240744275 9.191456868287272 -1.0163821339340648
41.56909330642986 6.0 2.5161213596240537 19.84239176624435 9.926348937956579 1.6031066779029928
41.64015942304043 6.0 2.5886375091970595 32.03568904137029 8.523985020333907 26.256044873895245
41.71122553965099 6.0 2.4468566299623173 28.76907394569817 7.709332210228519 6.29261408159537
41.782291656261556 6.0 2.6718541949055212 28.4701565439195 7.938625359275844 24.94947869879329
41.853357772872116 6.0 2.534386923142435 24.716924442861075 8.764913635417699 -5.12185582847798
41.924423889482675 6.0 2.5717045066738264 20.082473313874228 9.951514324258993 -12.464423605384138
41.99549000609324 6.0 2.6098158913580174 16.902988996370393 9.856225293498007 43.978708960202916
42.0665561227038 6.0 2.6987574587310834 22.488518718769516 8.854119949523314 7.259010597621909
42.13762223931437 6.0 2.440226623906158 25.79887175044901 8.939855048253097 15.949743419243713
42.20868835592493 6.0 2.5096743118360525 30.677100953844068 9.477062438442063 30.497222200253354
42.27975447253549 6.0 2.479591104211168 17.601135625217353 10.171712655541256 -17.621301857412906
42.35082058914605 6.0 2.5625072385809666 19.264014339003804 8.051563033536832 -9.396652325739183
42.42188670575661 6.0 2.554683835000127 7.979732701835022 9.708262930466429 1.6810251600335437
42.49295282236717 6.0 2.4862489017276035 16.98998588994654 10.708104240917335 -20.538150437342406
42.56401893897774 6.0 2.6468553879976655 24.925161700874156 8.084743256847043 13.051648428901823
42.6350850555883 6.0 2.544699106371978 20.74741920130149 7.085942376261933 8.780371856576043
42.706151172198865 6.0 2.5420839588119892 26.861924407853717 8.491109480652247 28.748580722153466
42.777217288809425 6.0 2.6120344469205814 27.355670400781143 8.060704388788082 25.261103783088117
42.848283405419984 6.0 2.522877000116278 18.263740591739772 8.811888578277141 17.26115559773028
42.91934952203055 6.0 2.5726846539393953 21.548885976256997 7.700293602758483 19.16001050990681
42.99041563864111 6.0 2.5950278393381434 28.762754394298064 9.380066865232079 39.00312667304539
43.06148175525168 6.0 2.559685455824486 21.19197553991316 8.058025270274495 -26.13768755768732
43.132547871862236 6.0 2.531776565429219 36.75512943987423 10.887598802018056 20.998833020425607
43.203613988472796 6.0 2.647317231615381 20.24082470885642 9.506112790151304 7.423591347446169
43.27468010508336 6.0 2.5578515251197507 21.531108653957553 7.898908491582079 11.53064642447186
43.34574622169392 6.0 2.570290456086189 11.179030677507587 8.756001349169615 -9.319986830935408
43.41681233830449 6.0 2.535173404082237 12.425502471676177 9.09387412647829 -38.65796564938141
43.48787845491505 6.0 2.540085781375977 14.715159176732833 10.924314883549021 17.476934090703654
43.55894457152561 6.0 2.4656977905246595 23.4676242060098 8.305675961224711 43.94641505964399
43.630010688136174 6.0 2.4307682394891 11.957018905249086 8.663967767513157 12.681024821479014
43.701076804746734 6.0 2.6062603891955876 15.993860613366062 8.88539443442536 14.0217776515038
43.7721429213573 6.0 2.5077053296551313 25.145915518935066 10.884482971524623 34.0358820326891
43.84320903796786 6.0 2.5530475596787734 32.37656320923608 7.3236161261957085 15.13129503048828
43.91427515457842 6.0 2.6111557068577733 25.686985210828713 9.793559787161625 4.3963404527684276
43.985341271188986 6.0 2.585471138403066 20.162124735471135 9.312102747783168 19.44930734254708
44.056407387799545 6.0 2.535140845990198 31.290222230153972 10.261971923976835 11.523880808584893
44.127473504410105 6.0 2.6014532234126273 37.46125206929793 10.462898627924991 -20.191519956407593
44.19853962102067 6.0 2.518928101367847 12.711982984520224 8.933393561089801 14.190532807833005
44.26960573763123 6.0 2.5201804507359773 17.112117834873686 8.94130821960459 11.457007315228662
44.3406718542418 6.0 2.535843855219063 23.54497146755216 8.953893278541477 73.91230723118547
44.41173797085236 6.0 2.5225872916155474 25.24991451813889 9.469717561303563 10.409571559161108
44.48280408746292 6.0 2.530511031644211 25.256081234479975 8.969723975952288 -1.6442770119004448
44.55387020407348 6.0 2.5054053274421038 3.5433159009671193 8.7670152587914 21.258523725089212
44.62493632068404 6.0 2.6158321480344697 14.337907543617504 8.957322713442844 -3.8500212859226135
44.69600243729461 6.0 2.5052600830365988 22.909994083430693 8.519716540300697 -5.801276415050747
44.76706855390517 6.0 2.530708196614349 10.073463966700409 10.047768160569092 -23.42730568218875
44.83813467051573 6.0 2.549753598420399 27.330051356510328 9.878252063597781 9.563935217653231
44.909200787126295 6.0 2.5995306914475225 32.798221691313174 9.484620221817844 52.41904545539183
44.980266903736855 6.0 2.596072953526548 15.937829267889466 11.040450142216603 -15.921076870421864
45.05133302034742 6.0 2.51607812463785 25.582322259142313 10.556805825905478 -6.010101516316009
45.12239913695798 6.0 2.492460321026009 28.472595440758422 7.047459898874967 24.258043493867454
45.19346525356854 6.0 2.539178491922507 24.62463887484176 9.724787907854253 -5.5638792779865724
45.26453137017911 6.0 2.610866111038751 11.262089055222976 9.86318219800063 -15.751726399790993
45.335597486789666 6.0 2.592961381383783 22.638344821827662 8.784794111877343 31.406083982316023
45.40666360340023 6.0 2.492211934863892 31.93893548075036 9.18684376876391 24.425973527078654
45.47772972001079 6.0 2.601826166795822 14.201770438472687 9.049393660828716 15.527271030315866
45.54879583662135 6.0 2.540132670265046 14.057026686869412 9.993824012324165 9.37070377691175
45.61986195323192 6.0 2.5540090154712853 8.05416075523647 7.101581680363463 2.99447932355298
45.69092806984248 6.0 2.5297336817040104 25.08936599171703 6.480364526573997 18.306337919498134
45.76199418645304 6.0 2.5571473215386207 8.229305473246425 8.860610406703719 15.185431420420015
45.833060303063604 6.0 2.6046378353032815 43.53167579770159 6.967841100479795 1.9609957461200738
45.904126419674164 6.0 2.6016748713176288 23.742150241876455 9.031792442011861 -13.38240601820528
45.97519253628473 6.0 2.4777765317846647 27.42454100047647 6.928316232270897 11.268190693539255
46.04625865289529 6.0 2.509715415708949 24.617414415461514 9.906947087276011 36.645578344553144
46.11732476950585 6.0 2.6025269345790005 28.529986401236727 8.962856933716566 7.971776572340992
46.188390886116416 6.0 2.6239691530396456 10.598367101432064 9.842964995641047 -9.490967746137251
46.259457002726975 6.0 2.6068325074469323 32.3749150840802 9.007486762535901 4.921495915483951
46.33052311933754 6.0 2.570842667447483 26.499277107552402 8.396686611156001 25.467003054843786
46.4015892359481 6.0 2.572106067047165 20.69510406942605 10.955606226314828 -4.1474170378076085
46.47265535255866 6.0 2.5262393576144033 27.199928396085454 6.870206831512117 25.636434690699737
46.54372146916923 6.0 2.598977737441878 11.153227960269565 8.687767171283223 8.998463320341035
46.61478758577979 6.0 2.464865812614297 31.783793795116175 9.02976343192454 49.70704555229579
46.685853702390354 6.0 2.478757524343171 32.82416080054844 6.415156985006778 9.47474578811816
46.75691981900091 6.0 2.4914456171262436 14.139187136782873 8.051149565435262 27.739319091829458
46.82798593561147 6.0 2.5425042830096753 34.83741781000627 9.480692591953733 34.87880224165154
46.89905205222204 6.0 2.5235454848613554 34.87006255546622 8.588302603553515 23.824885049098505
46.9701181688326 6.0 2.5414442090922047 37.15855473068923 8.209128500898192 53.959913633537305
47.041184285443165 6.0 2.416733584262267 54.628970734503824 8.67185790763457 92.1168930600344
47.112250402053725 6.0 2.3863938740482684 37.02743556445738 10.284814260695626 43.71370739846837
47.183316518664284 1.0 2.3591031669819267 35.806844931649394 10.164921094329275 119.66443559011392
47.25438263527485 1.0 2.4203131384849703 36.47356662358621 10.908959634168749 93.59597235120513
47.32544875188541 1.0 2.3734131004969417 68.73263197929467 10.260678070631377 115.48150108396095
47.39651486849597 1.0 2.4009599176541587 63.65582797533985 8.497901991030473 126.16852642961192
47.46758098510654 1.0 2.3978755801826983 62.484120188013485 7.336735604062452 124.84616254311801
47.538647101717096 1.0 2.2355583538790573 83.75388126023276 8.11041502595039 86.88469098650057
47.60971321832766 1.0 2.2249769592574706 63.51012181107828 7.823040634761542 145.19269415221544
47.68077933493822 1.0 2.2216618765746157 77.9691687752746 7.004574257231814 148.68383524543648
47.75184545154878 1.0 2.3981288703534394 69.1187014984505 8.872665914173268 167.21263874842114
47.82291156815935 1.0 2.199020389267124 91.30903027559852 5.786764268406158 160.02414453105644
47.89397768476991 1.0 2.189960852745875 88.55662346013837 7.568448898051647 179.3386487756474
47.965043801380475 1.0 2.224399651691601 80.59280985467582 5.112983005552104 179.98643215801584
48.036109917991034 1.0 2.337221804409391 56.85938096161871 8.019964280374493 144.97330784978135
48.10717603460159 1.0 2.2880582702705357 85.93527618270474 6.338852374537682 164.46297285270236
48.17824215121216 1.0 2.2016239789387395 65.04657259441252 4.940836132223168 167.1206054097596
48.24930826782272 1.0 2.1791721386837595 59.97040478338855 5.288397634861825 191.4416225668006
48.320374384433286 1.0 2.3653772443584486 72.99907938131551 5.079483505477125 187.92737162519794
48.391440501043846 1.0 2.3409635346955797 71.15697572103427 3.2516524312005046 183.89247264310228
48.462506617654405 1.0 2.1838905458650477 72.17851242549806 4.608915029893822 112.074482264332
48.53357273426497 1.0 2.0882643609410767 74.3563288892942 3.5709527219164414 136.43555099842396
48.60463885087553 1.0 2.2051406837610386 69.44304563553138 4.881715154636013 175.8528973970438
48.67570496748609 1.0 2.2335935020797777 84.41028094620793 0.7654029031608416 190.2597892001778
48.74677108409666 1.0 2.26393436105363 72.96036525558934 1.5983512777210478 182.70689083219568
48.81783720070722 1.0 2.2543753768982424 73.68890375637886 2.9521141969683864 191.05145701921597
48.888903317317784 1.0 2.2157067595591586 81.73086317669194 0.459643259847331 170.7883873711158
48.95996943392834 1.0 2.2501954720140196 62.776103778522845 4.253399988609901 172.49356572915693
49.0310355505389 1.0 2.267199966810361 73.0059041310372 2.251125449627812 181.43587561046957
49.10210166714947 1.0 2.1521549051261237 72.65090098777556 2.7568645200358777 148.54759498808278
49.17316778376003 1.0 2.261970930930544 80.87852489451437 1.194868406768443 179.8349871992285
49.244233900370595 1.0 2.293005315444919 95.98770361909233 2.9990793328161502 189.30102114376166
49.315300016981155 1.0 2.2646012302131946 69.3816245081538 2.4359811158372127 185.618072566609
49.386366133591714 1.0 2.2494580569328604 73.56489789629602 2.3680134694740778 151.97796091488533
49.45743225020228 1.0 2.2952938795778945 83.12893332788548 2.7329341498702924 155.4249152582394
49.52849836681284 1.0 2.2109704082015296 65.00810927292457 5.335680114561573 156.05711962593463
49.59956448342341 1.0 2.1072136702298465 79.37862645628248 1.4126881291657438 141.85329990879814
49.67063060003397 1.0 2.252443499522374 76.82467037516588 3.9090122363678974 156.8248489364061
49.741696716644526 1.0 2.3277390142988628 77.74599648445336 1.371224716138585 209.50302573251136
49.81276283325509 1.0 2.1500449088287263 76.37625576315423 2.0621891322600487 169.76302807679292
49.88382894986565 1.0 2.1893434016515263 60.838718130429704 3.2656702982783825 153.72945790188555
49.95489506647622 1.0 2.305909443389078 78.47841497465528 3.313949060820276 180.0012135234379
50.02596118308678 1.0 2.2786762251650146 88.26281252869428 1.36869360340987 162.81588346378444
50.09702729969734 1.0 2.193784134790688 76.92630179733185 1.3918261787106392 159.26298435333663
50.168093416307904 1.0 2.3340914878461914 88.27929714304608 2.044997731864725 131.48000586088955
50.239159532918464 1.0 2.287686331072039 71.48212970147203 0.40847717021772434 160.09248551272242
50.31022564952902 1.0 2.233282446657118 79.19589278672467 2.6890316281774678 153.09387977334188
50.38129176613959 1.0 2.2268436243081853 85.60791727677905 2.4559547603359206 175.440502879509
50.45235788275015 1.0 2.1724600398077936 71.23830487459628 3.2388457832036073 148.56193427595173
50.523423999360716 1.0 2.2203771707858535 83.66189108562625 1.916980006170271 191.3446794803201
50.594490115971276 1.0 2.2299852923433128 82.91208537684464 1.2994463221432528 145.96395265630846
50.665556232581835 1.0 2.265421948729678 60.23388363163692 3.546959147451452 159.42187101744545
50.7366223491924 1.0 2.2143132048018646 79.66827614174672 1.9945952445932646 151.72081628086684
50.80768846580296 1.0 2.2375621267988457 66.8224988934491 3.09987293117517 178.56314251839026
50.87875458241353 1.0 2.2706082837747883 62.48393847186372 2.3151732039301502 130.44241955583038
50.94982069902409 1.0 2.2736035517435056 73.16800435767728 2.547825293420922 184.86272418539352
51.02088681563465 1.0 2.2303962959554697 66.12423124840464 3.865422375027696 183.35547577491272
51.09195293224521 1.0 2.2493637413950944 73.78947810369016 3.266026018218418 170.84483443975054
51.16301904885577 1.0 2.289799208755118 70.64346935674212 4.3571900917290805 155.13244567169394
51.23408516546634 1.0 2.3183837992670835 92.71729148565234 1.967682481489005 190.55720027316258
51.3051512820769 1.0 2.242213390149355 85.43923066963077 1.2060652191231782 147.93333203805145
51.37621739868746 1.0 2.235543907957144 59.6772975943223 0.9402864160199127 126.54975355983082
51.447283515298025 1.0 2.307547417760267 76.08271004459671 2.676330286113787 127.92697019093409
51.518349631908585 1.0 2.3816908595026547 77.61098746600159 4.375721371035819 147.76906280027276
51.589415748519144 1.0 2.3886580743185384 87.56894018183301 3.450555854369844 149.9938556581888
51.66048186512971 1.0 2.488516211670766 64.58701938977221 3.369030094417077 125.41901082262342
51.73154798174027 1.0 2.3384293810968786 63.62840530657638 5.038658686604753 126.68480251687716
51.80261409835084 8.0 2.449581946030837 73.45727743224776 4.852966471009043 119.78145087539221
51.8736802149614 8.0 2.477545574292926 67.90617735335674 4.235858445600967 125.25660240313161
51.944746331571956 8.0 2.556419058141211 60.11612300942413 4.806612891864567 96.97044417118039
52.01581244818252 8.0 2.5293783235291136 71.36009050833627 3.603625513356756 107.18036108710545
52.08687856479308 8.0 2.4749215561277493 75.17763741118684 5.271210659887462 96.89261124215525
52.15794468140365 8.0 2.6319033030356076 57.32368170592627 3.5261430517493833 96.9807515887305
52.22901079801421 8.0 2.603741932406182 77.92426138425999 3.8021077689002802 77.7032594206341
52.30007691462477 8.0 2.644128412266097 60.41425805790341 2.585123649922134 74.07279046497257
52.371143031235334 8.0 2.6030527799266445 54.578281414989256 3.535443417004272 88.4842142490766
52.442209147845894 8.0 2.683459192493018 58.31519005098213 1.9960009784257398 79.79686738936209
52.51327526445646 8.0 2.6945283612320754 72.96237563464068 4.095509422414394 79.80435677252282
52.58434138106702 8.0 2.658639215497072 65.53496788370254 4.919832735688109 91.15412848539005
52.65540749767758 8.0 2.7333644740953535 82.28223466461608 4.2219323904075265 88.78354764512073
52.726473614288146 8.0 2.6662106273938653 75.39150325671196 4.205035314727914 53.559132939287224
52.797539730898706 8.0 2.7737499895581954 78.45038862504408 3.7853318835628453 62.80938613068943
52.86860584750927 8.0 2.776987668956157 61.598558438701616 2.421409299302466 74.27835901431637
52.93967196411983 8.0 2.6957133028654288 66.26330172832084 2.3150965966123875 92.29829098035117
53.01073808073039 8.0 2.7324854020531517 74.24614078521826 4.486891217399877 56.5597983143227
53.08180419734096 8.0 2.67309590143755 67.66255827518242 5.712014856867576 72.5730019586857
53.15287031395152 8.0 2.652133442138442 82.34361198288661 4.967071365182861 85.43325794603066
53.22393643056208 8.0 2.601789396130915 65.65437589772965 3.094359883713186 92.93112335150234
53.29500254717264 8.0 2.7104858969989825 69.5982342508876 3.4176756676896574 104.6414341156709
53.3660686637832 8.0 2.6998082988894607 62.552434855637905 4.498930740970668 90.19180233747456
53.43713478039377 8.0 2.755189075624827 68.57881191734023 3.4636364705812825 90.70155765440876
53.50820089700433 8.0 2.612822647757457 81.65592411095591 4.661374445860404 49.38455320589469
53.57926701361489 8.0 2.7066119224209406 75.10713979977471 5.28561447447027 77.81869455425
53.650333130225455 8.0 2.5994488302415104 80.50255430218392 4.134127378225005 70.21915399347213
53.721399246836015 8.0 2.6302501474486997 80.89258213642388 7.080420450745521 55.137565792087614
53.79246536344658 8.0 2.6127490859206137 67.34898376280587 5.717409837517668 55.6686043832165
53.86353148005714 8.0 2.722678067616066 69.34558002216455 7.853189729444052 81.0339084606177
53.9345975966677 8.0 2.7440110789515146 66.05102214956983 7.490602265108261 78.98664956592832
54.00566371327827 8.0 2.6514390797328 65.81371509797017 5.3047272850859155 91.32518720329556
54.076729829888826 8.0 2.7063971216378495 76.5853102354572 6.334526129507228 63.64593661893126
54.14779594649939 8.0 2.6697843421561838 65.98056623386223 8.760766463795864 65.83231396045518
54.21886206310995 8.0 2.782720093222041 77.44583853968228 8.547310629151516 71.22163806638795
54.28992817972051 8.0 2.6604007415961193 87.09160166350873 10.879995889836866 67.09077111292481
54.36099429633108 8.0 2.7258155288607044 60.3923308933587 8.574746477326476 134.89850287348557
54.43206041294164 8.0 2.6901142495051604 68.39811490709201 9.50622334414288 79.56025486985318
54.503126529552205 8.0 2.662404286912159 74.90161932082434 10.466168416753794 40.96971527262268
54.574192646162764 8.0 2.6285845376507506 69.22959110648921 9.641174842608757 60.505932971571724
54.645258762773324 8.0 2.708829524391062 73.74036466477554 10.665190046550538 77.70723110009801
54.71632487938389 8.0 2.647142889108753 54.29574786769922 8.420921230550084 78.99583250826583
54.78739099599445 8.0 2.6505756358179164 58.78102502033195 10.716056549656155 83.80440459276078
54.85845711260501 8.0 2.6326106057456937 46.85940294040573 10.886055095313623 73.92818681622876
54.929523229215576 8.0 2.6402930467137833 52.72913755082625 10.290841262089492 138.39034643553612
55.000589345826135 8.0 2.5244796179794773 62.16920990459413 10.624401585257237 96.91651227414347
55.0716554624367 8.0 2.4998498847776296 71.23940896747187 10.937625539144431 66.67494647663631
55.14272157904726 2.0 2.5566154145379736 47.240134551408715 8.30616199558459 135.10468540202794
55.21378769565782 2.0 2.4781541394309827 31.59624480734844 10.658409783634998 123.6095391694992
55.28485381226839 2.0 2.5466078931154983 51.42672068756981 12.943572008252259 102.98696884699469
55.35591992887895 2.0 2.49785252026549 44.934727421595 11.9688276034899 107.54317330291133
55.426986045489514 2.0 2.4660149948015087 49.919881656863254 9.948769374848874 120.09963023949933
55.49805216210007 2.0 2.3999180180340396 39.99433202997974 12.413726075708592 119.05521706905239
55.56911827871063 2.0 2.4589845859704833 53.906980741329626 11.192138515474248 140.63010155860314
55.6401843953212 2.0 2.480116497231263 23.67037445928801 11.785582949333179 130.99895064869514
55.71125051193176 2.0 2.3259512502796804 37.6569675296632 8.828410222673988 107.64029483924729
55.782316628542326 2.0 2.431275044817311 26.540516296626773 12.975117145265216 128.2681683395154
55.853382745152885 2.0 2.465957547811723 19.75008299146763 10.584902854427966 128.18539865370974
55.924448861763445 2.0 2.406120126148768 46.55603508034945 10.52827542176645 158.50080660043278
55.99551497837401 2.0 2.437813301687024 41.17586797714136 11.951561121713198 135.92827543896843
56.06658109498457 2.0 2.358430181843517 44.88674350969338 10.611271424192331 125.84214460695213
56.13764721159514 2.0 2.4999548859212277 46.95094115569395 12.208683009923366 134.4280393987948
56.2087133282057 2.0 2.452290153001695 28.920883788056578 12.431981376929542 144.86425111592044
56.279779444816256 2.0 2.3809138405947987 35.16034935261871 10.947325892806715 150.0695043135114
56.35084556142682 2.0 2.4928143991567446 38.80933774252496 11.235278501276358 142.84128750462705
56.42191167803738 2.0 2.3348756000789956 33.606987974014054 11.330767053987415 147.55467756962076
56.49297779464794 2.0 2.5112802459992696 46.940591343520644 11.782002278560986 142.16918404108947
56.56404391125851 2.0 2.433165621794574 31.022449257683924 11.977396865176766 145.16101836122684
56.63511002786907 2.0 2.5068494530604983 47.596194479582635 10.940428767373039 117.28526873367568
56.706176144479635 2.0 2.435040525102108 47.00827805640293 11.004489464693949 124.94874778960235
56.777242261090194 2.0 2.3338695400257827 41.47412897772549 10.418217108457979 102.73330014944996
56.848308377700754 2.0 2.4704349795874356 51.48156831442239 13.288241256899642 123.70031436935548
56.91937449431132 2.0 2.451190113786691 25.23940958843247 12.025896921964009 117.18616184083976
56.99044061092188 2.0 2.4187814056247556 29.225150530159855 11.231582072398734 131.15220317180334
57.061506727532446 2.0 2.359754026364002 37.809421725429964 12.46235487168994 133.3843436328823
57.132572844143006 2.0 2.5598262611764926 38.54588162031422 10.250972570888049 140.4138851003036
57.203638960753565 2.0 2.533241624724937 27.779537007107663 12.913616200694428 137.5117575069206
57.27470507736413 2.0 2.4852164912762733 35.19777424264453 9.95758029222657 134.70068546584818
57.34577119397469 2.0 2.3571569802128396 38.446472026950794 10.707249451153926 122.04207477426127
57.41683731058526 2.0 2.506574994810388 28.268647688212752 11.253022975612078 135.84199591410908
57.48790342719582 2.0 2.364081098889316 50.26048415023238 9.578875878508526 117.63545951914948
57.55896954380638 2.0 2.361108142437839 43.08476632720987 13.368302631260239 133.3746921140733
57.630035660416944 2.0 2.421498719269152 24.476820259877123 12.811508818249571 124.91108622962908
57.7011017770275 2.0 2.5130008027429436 34.01289117129309 12.021652032396203 153.68604434443768
57.77216789363806 2.0 2.4657434340662636 39.815924447979235 11.322230098791703 152.97054809908502
57.84323401024863 2.0 2.357443442325101 24.612164841208937 11.373010450924658 158.3883508956418
57.91430012685919 2.0 2.438734353840621 32.39573435024183 10.456208234137648 125.98576551810037
57.985366243469755 2.0 2.4338554680404245 55.60476116236292 11.40303577805047 142.13282924486035
58.056432360080315 2.0 2.4381366825922592 50.03053559474537 10.754296126894861 136.72769727398162
58.127498476690874 2.0 2.3248255442146726 44.7382623055655 10.185424886003725 129.11073420427059
58.19856459330144 2.0 2.4222856938168036 39.94038907185675 11.778904214208358 107.79603854221838
58.269630709912 2.0 2.4200605351855122 38.59460688910455 10.965993756963854 142.46477791159398
58.34069682652257 2.0 2.438510080270078 34.16002929485496 10.29432075238926 145.4262874498426
58.41176294313313 2.0 2.3974568897608726 35.8194014558228 11.15451280970579 150.5630190867051
58.482829059743686 2.0 2.458621483336904 45.005429727613425 11.30317457641303 129.61399053716042
58.55389517635425 2.0 2.4306875512015513 47.57755991339034 9.909661954558995 128.31081424439986
58.62496129296481 2.0 2.523197325925243 46.08813407111851 10.794491341012222 142.75975030673604
58.69602740957538 2.0 2.5738997985367877 30.627844418818704 11.081596654954268 140.0218029488386
58.76709352618594 2.0 2.441373549749756 38.11906173829302 11.14850250044736 110.34791851076118
58.8381596427965 2.0 2.426068369644832 23.756768362539848 12.308450570961396 150.15965795102915
58.909225759407065 2.0 2.2446142575155537 50.42691108224408 12.901752665664295 149.89234619636412
58.980291876017624 2.0 2.344576140492208 39.600875437421934 11.636134499380534 99.53082052641403
59.05135799262819 2.0 2.3461640717917494 42.66473273166741 12.219148364869723 134.3688441104136
59.12242410923875 2.0 2.547825933554681 54.745344220464794 11.027738390229269 206.06676500676062
59.19349022584931 2.0 2.479445121735355 39.8540071448921 11.527493079522047 121.1086119281531
59.264556342459876 2.0 2.3605567725483985 36.00334292371882 11.689485186109822 123.34825284182747
59.335622459070436 2.0 2.514952939237347 37.136265084635355 13.37062971742867 161.6029973909989
59.406688575680995 2.0 2.370284714175181 31.70030867968348 10.969498906325388 149.39926521488536
59.47775469229156 2.0 2.4122562993165353 38.62016072206588 12.271242754343724 118.54711863881494
59.54882080890212 2.0 2.3338664597773136 46.78986802346271 10.48596802250423 147.75028157591385
59.61988692551269 2.0 2.4303853730409863 33.33909311459627 10.30811863682773 107.29462561666395
59.69095304212325 2.0 2.4615800683824576 38.77228667890455 9.39809569741019 123.32662003690612
59.76201915873381 2.0 2.3166360341846985 52.51025179998055 10.634075999313183 129.3899224376282
59.833085275344374 2.0 2.4122808634691637 21.912537882030676 12.21116435636369 124.02810452630798
59.90415139195493 2.0 2.3604929449104533 30.63668168025079 11.059647467249533 77.31457656395834
59.9752175085655 2.0 2.2306546527636155 25.685592024496056 12.063352025222127 114.54069801405501
60.04628362517606 2.0 2.230523534271199 37.56709065200238 10.564840449028729 116.83972928956784
60.11734974178662 4.0 2.159179864564733 23.57008057103011 10.23425320671609 112.4296191347369
60.188415858397185 4.0 2.116118763212671 16.09654306722004 8.617563188466399 95.1512398578431
60.259481975007745 4.0 2.1906919349443377 23.69943528524619 11.005067826350418 85.26282482498425
60.33054809161831 4.0 1.9350924847118407 12.384291804548342 9.74139503764853 94.04199705199603
60.40161420822887 4.0 2.029680714952776 6.081455739631608 10.466837654311732 118.6006600527163
60.47268032483943 4.0 2.040456818220722 21.70216291018352 11.62660158229117 105.89825434171667
60.54374644145 4.0 1.917797899859106 8.537350550294402 10.149711286797302 97.16267379221264
60.61481255806056 4.0 1.936868156702325 22.084990120550522 11.858805023835497 52.01246259292488
60.685878674671116 4.0 1.875668571105604 18.203842383390477 10.44787456173192 89.62835639463336
60.75694479128168 4.0 1.9450746994047086 14.165769423523844 9.121748604673181 66.16759755545844
60.82801090789224 4.0 1.9142092297840154 17.11543974579239 10.726811457060267 93.32870507874921
60.89907702450281 4.0 1.932847633098719 28.775901332941572 8.292595425446773 62.402502349098214
60.97014314111337 4.0 1.8948107974932393 26.357597590469734 9.250331475434367 64.31380873817419
61.04120925772393 4.0 1.8501723333322688 31.28493334739529 8.401406157838151 77.0231758217856
61.112275374334494 4.0 1.9407997920853197 12.831806617539904 9.678584894040624 79.02237797641665
61.183341490945054 4.0 1.950678627961042 28.956967825774843 9.838689062833804 45.81625535182837
61.25440760755562 4.0 1.8571411701525344 27.617672501416266 6.7129994882925175 52.473246953232035
61.32547372416618 4.0 1.8032870771867304 22.987257513068265 7.229029528067699 67.06868380037236
61.39653984077674 4.0 1.927575386860341 26.993919274104606 5.496003109711889 79.54236726433322
61.467605957387306 4.0 1.9219904713290914 19.255091350686886 5.689161330458851 71.50404248468159
61.538672073997866 4.0 1.9412816994310882 12.265942569782023 5.076502183210231 51.53384897785229
61.60973819060843 4.0 1.9616755461398505 21.924418423439878 5.564180297069358 84.35735429480233
61.68080430721899 4.0 2.0213561652018273 21.70818865193176 3.306715269483445 64.10961692417591
61.75187042382955 4.0 1.9428681561717884 8.253488070903481 3.041523238050658 77.87383739217853
61.82293654044012 4.0 1.7911399902244214 25.38556211179156 2.9023357379740506 71.14603141285419
61.89400265705068 4.0 1.9601863133045672 20.5024757247556 2.1241273821023854 80.12036076227821
61.965068773661244 4.0 1.8730971907520924 15.549000570351222 1.5897036472047144 43.12410626738915
62.0361348902718 4.0 1.9480850990385776 22.679549057059113 1.1752996439898837 102.79465638860708
62.10720100688236 4.0 1.8682024471905263 24.134864659238616 1.4367388718968979 88.25609057178066
62.17826712349293 4.0 1.8482012742594371 21.160695103907006 3.1587331716514164 70.93015531562911
62.24933324010349 4.0 1.921549534262238 23.785824272494207 4.199517953893849 64.45357613072112
62.32039935671405 4.0 1.8854431147780546 22.57046215946196 0.3333433022060721 59.20186102173828
62.391465473324615 4.0 1.892082613814469 28.202593365603065 1.3297311989207414 52.764369350074745
62.462531589935175 4.0 1.8788749636260227 30.279084078947335 0.02542829559246451 38.63535118364996
62.53359770654574 4.0 2.01912341278206 11.158284871961751 2.7350167091903206 63.38243711756022
62.6046638231563 4.0 1.9104382730319038 30.09180058571114 3.5467627049459995 80.59699744299927
62.67572993976686 4.0 1.8314070620982112 15.891779394669047 0.00545586585605351 35.99281187974155
62.74679605637743 4.0 1.7917913624968753 17.65274916886476 -0.04046808097937449 55.98639754974174
62.81786217298799 4.0 1.7660185458395379 32.45787429019361 2.6166292803690467 68.7896502693396
62.88892828959855 4.0 1.6517136749240988 22.58761703289376 0.9762313016228992 41.01030636676116
62.95999440620911 4.0 1.5291495943376865 20.71820629408176 2.0634294664209376 55.6759269427258
