prof rock_id rhob gr ild dt
4.046183736052981 7.0 2.023535440431633 55.65649522234611 4.258537252192598 41.97280677194158
4.1172498526635435 7.0 2.1852451105218313 65.86555425674784 3.7974150140162655 51.47126569214768
4.188315969274106 7.0 2.3898629305434507 66.19961103159977 4.068402951535049 51.89438076201289
4.259382085884668 7.0 2.465432923889026 65.74063984537898 4.013103207023424 42.79295820624972
4.33044820249523 7.0 2.559873651191449 71.59549027117733 4.633453055916246 58.93946814934525
4.401514319105793 7.0 2.6417715894039135 76.65685860538628 4.295231305091755 65.6907667935063
4.472580435716355 7.0 2.7306572317446642 73.70681608084564 3.545979962037997 60.790303633235354
4.543646552326917 7.0 2.7964174142611546 76.06607811983093 4.411551773312109 66.75828528987695
4.61471266893748 7.0 2.73116234697363 82.40548307138373 3.375630442704354 74.90871188460066
4.685778785548042 7.0 2.736419297104695 82.74829817381821 3.7813307539766003 69.54663893518169
4.756844902158604 7.0 2.701704876482249 79.7375811356944 2.8718796547191188 65.90744816223345
4.827911018769166 7.0 2.748993449712108 87.51378192712693 4.001358460813524 71.67469732358933
4.898977135379729 7.0 2.729512095743101 79.12289839707357 3.5415148195252204 80.7222274524881
4.97004325199029 7.0 2.755272548132283 75.95940606507892 4.173427663464767 77.87335007235386
5.0411093686008535 7.0 2.7104218069180557 83.07969125370644 3.6951481776089747 77.43179158010734
5.112175485211416 7.0 2.7844152469332073 79.3746328396874 4.100659572083899 74.76137967694493
5.183241601821978 7.0 2.7010564499974823 80.39722287905305 4.090896647215111 74.83737609091958
5.25430771843254 7.0 2.787690815922179 74.48911130182951 3.4773889971220306 61.23915839243219
5.325373835043102 7.0 2.7472044248777214 80.0351577794038 4.033920910176819 63.170693292369485
5.396439951653664 7.0 2.786529620093196 79.49055225807183 4.1120432857775935 51.31003225304107
5.4675060682642265 7.0 2.694620378792468 78.16261672453521 3.7383847334815097 65.03152455358617
5.5385721848747895 7.0 2.721805201578927 71.68149535569212 4.554215536407198 74.64397551676221
5.609638301485351 7.0 2.762978771655621 71.96859761490386 3.7113610839841127 83.6933146047252
5.680704418095914 7.0 2.7571676101917464 80.97661894721047 2.7143108806143306 73.30298470790328
5.751770534706476 7.0 2.794443655913191 81.40773235492544 3.5622717946278164 79.48594543780123
5.822836651317038 7.0 2.7571211591632667 82.99497789629194 3.8705240944555372 60.23879101399044
5.8939027679276 7.0 2.7136698281287 85.63003885532544 3.9628157669700887 71.24544982317057
5.9649688845381625 7.0 2.7496862707102103 83.85623595577314 3.1663162188722183 52.28327901361419
6.036035001148726 7.0 2.7699143153544834 77.83709401888862 3.903893165860007 55.68640605850371
6.107101117759287 7.0 2.6861105671296386 72.40796461887948 5.069309195395076 81.54405142070868
6.17816723436985 7.0 2.7911747422601003 82.79947312257431 3.8389909362961707 66.38626345781327
6.249233350980411 7.0 2.720466447961664 79.97001920681582 3.485060675703122 75.5293231966206
6.320299467590974 7.0 2.720263101061409 74.25064532389557 3.5195426637932434 66.50042623250947
6.391365584201536 7.0 2.724407162556891 85.40274911758146 3.8675958357633684 60.747592205378936
6.462431700812099 7.0 2.812423065498704 75.64378730692606 4.362449002087106 65.57125493970304
6.533497817422662 7.0 2.7106456415665106 73.28797919961468 3.571955742631655 70.62234869763309
6.604563934033223 7.0 2.714097214550668 77.24055364934495 4.778625884004436 70.27462983704775
6.675630050643786 7.0 2.7788670251030814 79.26640629580461 3.5686923704380957 81.22267684852702
6.746696167254347 7.0 2.7436053022132207 87.71972578420092 3.714473141701744 64.72722202702818
6.81776228386491 7.0 2.756686677052671 78.47824425778691 3.300371078092236 79.05915824530331
6.8888284004754725 7.0 2.7122640117143124 79.3809704927305 4.565810734456313 82.10873451834566
6.959894517086035 7.0 2.75574066266776 79.20718029973199 5.173238645108475 75.8493453726917
7.030960633696597 7.0 2.7585795597332727 82.67573697999009 4.003173311540471 79.68975354945795
7.102026750307159 7.0 2.757611955538132 85.86009617860617 3.7572055549377485 69.1944707320109
7.173092866917722 7.0 2.7471763822085657 83.6648083415003 3.112853306219018 62.66301180823688
7.244158983528283 7.0 2.766172894332036 76.05072333673124 3.8613497731742727 64.3691226451233
7.315225100138846 7.0 2.720403081537928 80.31942452276319 3.888448403828879 86.2655704804073
7.386291216749408 7.0 2.76817904196623 79.11324594893374 3.6664347272645803 58.56849062428379
7.457357333359971 7.0 2.7117045208740564 77.49378044802592 3.3737815911685227 80.06700162315502
7.528423449970533 7.0 2.7564845487810588 81.52971258791143 4.940696911625863 55.44096972568981
7.599489566581095 7.0 2.794200357498297 84.21691889154121 4.261605365066234 85.68726843578646
7.670555683191658 7.0 2.7467638756058936 75.59310288391144 3.6646186427555647 76.45586587523213
7.741621799802219 7.0 2.6893657298689786 80.99567134840262 4.048485384808686 66.33499479244576
7.8126879164127825 7.0 2.7986987460213935 76.80879975951792 3.7729274046391486 61.91320420732768
7.883754033023344 7.0 2.72316982719851 82.05731321107505 3.571592271773436 62.79640994488677
7.954820149633907 7.0 2.7366999233953253 83.56092819835094 3.7709030171119036 83.58196095425569
8.025886266244468 7.0 2.7279857093228554 77.42668254230162 3.403596191369149 55.53856375833153
8.096952382855031 7.0 2.7435794735061445 78.1987643054323 3.98488539283842 89.98804710217809
8.168018499465594 7.0 2.8166677091755368 76.2624579452369 3.8922175960281225 74.90587674277428
8.239084616076155 7.0 2.7358976116247926 78.97414632462518 4.100767447304598 77.64776684136659
8.310150732686719 7.0 2.7710728204207773 83.80656186022294 3.8508609406795156 74.33795644059374
8.38121684929728 7.0 2.780607947216673 75.35425788340537 4.014094542986741 57.65810991914093
8.452282965907843 7.0 2.7522309628131723 84.62808552304094 5.125732622476661 76.11677889637437
8.523349082518404 7.0 2.6802232359323335 76.15789691059292 4.935365994061999 75.22127859974937
8.594415199128967 7.0 2.762320911247196 82.18029871422284 4.4469515499097785 72.93939294741452
8.665481315739529 7.0 2.780344331072663 77.05329097685767 4.471117007953846 58.32543021407951
8.736547432350092 7.0 2.7889254314031886 80.7597794866253 2.932829098293841 79.45879942325232
8.807613548960655 7.0 2.7518196594198607 77.54885207457353 3.702672661628605 64.84102188704817
8.878679665571216 7.0 2.7507578441540073 75.61542727632384 3.8730533917956405 60.2761764129472
8.949745782181779 7.0 2.7360907708003013 75.49993289015126 5.53806061620545 52.53116225710895
9.02081189879234 7.0 2.7257749574456174 80.8216692355973 3.6028238517091515 67.15968440618218
9.091878015402903 7.0 2.811440151201552 81.74672559882394 4.852894609332089 74.1673915787956
9.162944132013465 7.0 2.756079057643971 85.42676766099902 3.7621371095688296 71.57271976713183
9.234010248624028 7.0 2.7390540393822995 82.08999615923182 3.584776399281723 74.90797257301534
9.30507636523459 7.0 2.6776796426241543 82.73490445788649 5.008739535173036 61.84307737902942
9.376142481845152 7.0 2.8030798139240227 81.9361171153394 4.944366236706858 66.49928495680439
9.447208598455715 7.0 2.7848391103457972 84.05528578389448 5.069512693275479 61.27866726664299
9.518274715066276 7.0 2.773191873095215 74.90212902636502 4.504140963168913 63.77010572144556
9.58934083167684 7.0 2.7654949244260543 81.52339617777164 4.0781932734672734 73.19167286130876
9.6604069482874 7.0 2.7389815763929137 81.51121318579966 4.82807913695348 78.92733185635596
9.731473064897964 7.0 2.7399998577414797 77.02988611270337 3.857589617137828 76.49937404095385
9.802539181508525 7.0 2.774123985734462 77.38239867002314 3.948642985600426 63.04804966604968
9.873605298119088 7.0 2.785371514968055 81.09964441245052 3.5763394836424793 66.91020447947265
9.944671414729651 7.0 2.7451378505962745 84.26079725590597 3.4870777602746044 77.72259598590527
10.015737531340212 7.0 2.7575736128326955 79.1088269136885 5.230117470039991 80.26234532346551
10.086803647950775 7.0 2.7320037492466738 76.54613646293924 4.55930602676086 90.46646530596747
10.157869764561337 7.0 2.800396316784108 80.45862064915015 3.882383353301363 65.23146916727536
10.2289358811719 7.0 2.7128661816828843 75.37110970810829 4.04084317797385 71.21460229184213
10.300001997782461 7.0 2.749636453957481 83.62712797144133 4.412255065378298 86.25542819054924
10.371068114393024 7.0 2.754549600245756 81.19306290899347 4.150196082958383 77.26128166902521
10.442134231003587 7.0 2.7868254220740014 81.94365857705422 5.112318937737538 70.03281053904942
10.513200347614148 7.0 2.7843685963802733 74.95324352580077 4.19760380505201 61.16025528534806
10.584266464224712 7.0 2.7560555488356395 79.15266040390048 4.653531552757973 68.32182153968286
10.655332580835273 7.0 2.7972684754605104 78.92008849449677 5.340077803330528 67.93322365145154
10.726398697445836 7.0 2.7663405797881264 83.26714971934841 3.916099392763178 68.60816367506594
10.797464814056397 7.0 2.734182428257731 84.88000607893964 5.123789711291788 70.10365781911749
10.86853093066696 7.0 2.780893512822564 83.62115493577065 4.684366531606864 70.71956637257915
10.939597047277521 7.0 2.7342120887651764 83.30767148807723 4.664906851734621 81.48525654805636
11.010663163888085 7.0 2.7319506290209956 81.17641945153844 4.672397808719863 70.54093991247133
11.081729280498648 7.0 2.770979328559608 79.09869549658231 4.827465752476474 64.9959093832221
11.152795397109209 7.0 2.7334834209493115 81.27282110988256 4.930138911999971 60.399015722703524
11.223861513719772 7.0 2.7383990949704886 86.99378443189444 5.346044602060475 51.85238245517366
11.294927630330333 7.0 2.736674788189735 88.58461316810461 5.130953139565313 68.16755316873378
11.365993746940896 7.0 2.684430317858183 79.61244164440635 6.816934042454037 68.4258462687625
11.437059863551458 7.0 2.7780269532879505 82.48568811573163 5.530904975503296 66.99771889502311
11.50812598016202 7.0 2.773409459470599 85.86016603777759 5.116533417644968 74.72610916989736
11.579192096772584 7.0 2.7553989650734616 82.34309486952328 7.533063079515427 67.59643036320344
11.650258213383145 7.0 2.7163398158829066 81.75949147664613 7.056782647487328 65.25491981489833
11.721324329993708 7.0 2.7269343423029198 73.30030127943039 7.7944420107689885 63.44248951678487
11.79239044660427 7.0 2.779323599692705 79.96377930063963 6.904393143761647 74.45365778165353
11.863456563214832 7.0 2.7931839124265374 76.92846753134097 8.087827312392873 55.99107985689232
11.934522679825394 7.0 2.7272008914599137 76.4854833753925 8.30783455370489 46.38840292990504
12.005588796435957 7.0 2.7141214626358443 66.69098551125757 7.588143728024428 74.11462088582611
12.076654913046518 7.0 2.670802699649087 65.66455959820412 7.724394291550229 56.58956456663343
12.147721029657081 7.0 2.7598852204514595 61.9167982397538 8.184263057407376 38.33946394202959
12.218787146267642 7.0 2.6611282495756297 56.2516324969278 8.327998739897511 44.05206292862925
12.289853262878205 7.0 2.683224610451245 48.40305323118023 8.149254902161049 39.75398652502217
12.360919379488768 6.0 2.6326856693302587 48.701560456147924 8.616970723813061 36.21676719070469
12.43198549609933 6.0 2.618579309181682 44.98186091823093 8.259639133128875 29.464214810317007
12.503051612709893 6.0 2.6073331865477507 38.36507778952478 8.179853701761049 36.767008813389246
12.574117729320454 6.0 2.5547131717592797 30.029902684922657 8.067750942760009 31.400683357322386
12.645183845931017 6.0 2.5292528976468778 32.01527605122022 8.195155167332688 24.052570864732292
12.716249962541578 6.0 2.596609105554673 20.161198642375595 8.01221537355262 24.03240428973781
12.787316079152141 6.0 2.5667992301865863 23.989304925511455 10.028820071767276 22.098245016813365
12.858382195762703 6.0 2.5028035289649715 17.767450228425062 9.36208404237038 9.187758155297583
12.929448312373266 6.0 2.58475992837976 15.940528258216236 9.134130956911653 23.4622821372797
13.000514428983829 6.0 2.5432910427921263 17.19304245944155 9.397151528715906 17.008149289161828
13.07158054559439 6.0 2.572705694092546 21.308932549888326 9.581299834808709 5.918197281370707
13.142646662204953 6.0 2.524043816802048 17.049358096889613 9.169533757536879 13.673432386126757
13.213712778815514 6.0 2.5334400351977626 18.432685026108945 8.75953966745707 11.050575194391548
13.284778895426077 6.0 2.5553947334098943 17.163324395040064 9.281728590222352 13.52468108024818
13.355845012036639 6.0 2.54522004864602 27.859991420455323 8.568497993443303 17.15252602365578
13.426911128647202 6.0 2.5029892757468417 24.889713864225747 9.25313990316555 6.6826030687286675
13.497977245257763 6.0 2.5398597480954703 19.463536670461323 9.725378430694377 20.291632413315053
13.569043361868326 6.0 2.5439352721970048 17.729218624411946 9.506697994772729 10.326936542654204
13.64010947847889 6.0 2.5106151395518364 18.442087233179546 10.01358253811366 -7.352548450599043
13.71117559508945 6.0 2.591494460877963 18.69980094549814 8.629933508426637 -0.5184922100438341
13.782241711700014 6.0 2.51906855883859 30.81667999965925 9.082513006934908 4.002317349103299
13.853307828310575 6.0 2.5515956333305962 24.419110161105536 9.288946325306025 -4.575048818755306
13.924373944921138 6.0 2.591991618303299 21.53823094001519 9.286256494430882 4.687256232009009
13.9954400615317 6.0 2.5504000446959743 19.547273955808897 9.365640984115448 -2.445225769505832
14.066506178142262 6.0 2.5705773864631327 19.57126005358642 9.019898714122425 7.453143492161921
14.137572294752825 6.0 2.610333320818403 23.883745818887522 9.49054796997917 -1.0595181016413902
14.208638411363387 6.0 2.531369285476893 19.47186114992263 9.620934662260856 -4.434778427977877
14.27970452797395 6.0 2.5277568400091512 21.237459799527866 8.783353507082118 14.059285216587472
14.350770644584511 6.0 2.5703579226814686 25.393173064855265 10.335713228663264 15.705241414694278
14.421836761195074 6.0 2.5649950855959944 19.61766324736468 9.95773157736973 17.927591087682686
14.492902877805635 6.0 2.5443375601499123 21.470036886050195 8.638127399008471 -14.88086195213792
14.563968994416198 6.0 2.565085707505465 26.58070050638935 8.671393382404744 6.651931681659603
14.635035111026761 6.0 2.57611685799337 25.84071934740715 9.050721212139202 -3.0014531075535036
14.706101227637323 6.0 2.5464876848983047 18.11816678821151 8.72372413739586 16.994747264719248
14.777167344247886 6.0 2.5940406739875317 17.34982917241903 8.575046295580993 15.08312794965171
14.848233460858447 6.0 2.5757498741263074 22.410810317781888 9.363933214946067 5.510515694427034
14.91929957746901 6.0 2.5657949702895526 18.13966889918469 9.774829354418415 11.317650203195125
14.990365694079571 6.0 2.5196393721940114 26.624501410441706 8.88949194759941 15.780979982055884
15.061431810690134 6.0 2.529258455966804 20.732748273413833 9.750009809869647 3.069480569023354
15.132497927300696 6.0 2.5511053520700844 24.194037270341244 8.175138267003158 -0.13341403516406025
15.203564043911259 6.0 2.572492196710025 17.0071081825293 9.431769762629262 14.914392843230647
15.274630160521822 6.0 2.58640452184939 26.736484231398176 8.901920596278371 10.517743689922362
15.345696277132383 6.0 2.4936221413228083 22.536303146578582 9.257253110297441 7.537276901604831
15.416762393742946 6.0 2.531668732423451 15.92300274360963 9.040623449339595 4.270110145237124
15.487828510353507 6.0 2.5555924466067377 25.218152828984497 8.523076703381316 -3.5556576247589007
15.55889462696407 6.0 2.595156267231777 24.118266952324866 9.460902401324526 -4.674488466484879
15.629960743574632 6.0 2.5234346063545727 21.691866995345066 9.15827970373074 10.312557765700204
15.701026860185195 6.0 2.5302235816937357 19.588388245671972 9.40945404826102 3.199195105426173
15.772092976795756 6.0 2.599806710214668 19.226489424187953 8.175968826131975 2.4618573235128918
15.84315909340632 6.0 2.5632368951828384 24.176095386223324 9.780758075857918 -2.163559381569824
15.914225210016882 6.0 2.632545766701256 23.606292822640278 9.482970502403152 28.323966946256164
15.985291326627443 6.0 2.506934734836817 23.12640918068244 10.150795214607717 15.164352695836046
16.056357443238007 6.0 2.6196955986937636 26.360270607909662 8.90681764819795 -1.7093605660298454
16.12742355984857 6.0 2.5673021409857277 23.552978586412642 9.476796234428393 -6.248696853137668
16.198489676459133 6.0 2.531185537128644 18.752670182443076 9.468045426478781 10.954163440651328
16.269555793069692 6.0 2.572346349866665 22.28454367705642 8.959564722972946 -8.18439762247431
16.340621909680255 6.0 2.5691834737403907 21.399107022677633 9.32809928595027 2.196392887207489
16.41168802629082 6.0 2.581774665818631 29.06941371703277 9.172320477154535 16.754871205842385
16.48275414290138 6.0 2.5598547793892785 22.24443848873203 9.51645750114394 10.42336990120388
16.553820259511944 6.0 2.5501955145589195 21.340167844893916 8.385475014278931 -4.74378016044232
16.624886376122504 6.0 2.5386975872513373 19.114555885721522 9.241850694001585 -5.356142777280883
16.695952492733067 6.0 2.5087233130931446 21.279390569775423 8.68514953934787 -3.4710976061188124
16.76701860934363 6.0 2.534926213051135 28.01268162892071 9.335081839382152 6.228163844859256
16.838084725954193 6.0 2.5313093261305974 21.273589936206662 9.907500736150666 16.03062767069128
16.909150842564756 6.0 2.579180217462076 18.93919619633735 8.81263418657461 -2.369765688920607
16.980216959175316 6.0 2.5148537265830555 13.517484743883161 9.503247572091817 -1.8162960089660762
17.05128307578588 6.0 2.569129386532397 24.734040717051105 9.750455663799583 17.57181649549171
17.12234919239644 6.0 2.537949733981709 19.086959002322388 9.652660349750883 10.173980115878653
17.193415309007005 6.0 2.5914966928270147 24.864849356496272 9.079413948147563 13.21537654650533
17.264481425617564 6.0 2.5441738934961435 22.656214422369736 8.928740075678183 18.058418133208622
17.335547542228127 6.0 2.5364301710910464 28.458528860749198 9.108927380999276 7.129514626742656
17.40661365883869 6.0 2.5187745889170405 23.54429489720576 9.635529798312334 -10.787523770332957
17.477679775449253 6.0 2.5796646612993337 17.113091592024162 8.909040001363472 5.883209119989247
17.548745892059816 6.0 2.580065453156007 19.15754774794501 9.106643380139264 17.83199020484244
17.619812008670376 6.0 2.606750723150592 30.491033578592262 9.133950933595697 30.18116195566487
17.69087812528094 6.0 2.5160053242919855 23.12090131768191 9.455372247723773 15.48997723709448
17.761944241891502 6.0 2.5690748792899734 16.236728050233662 8.51978796797678 15.729932489402941
17.833010358502065 6.0 2.564347706516663 23.60284043721543 8.921619876179765 15.8784938443433
17.904076475112625 6.0 2.5189189577109667 21.834278045954036 9.246155239048687 17.867274369596945
17.975142591723188 6.0 2.5792871652261313 18.985185755610797 9.244223275335285 -8.874722465944359
18.04620870833375 6.0 2.5503421996583633 23.29214742680375 9.5788042616868 -6.1719507257180215
18.117274824944314 6.0 2.520736392531759 24.689171025637176 10.146913385620532 5.549097625881862
18.188340941554877 6.0 2.5521599769258163 21.39603552644202 8.5421380478188 5.677334757028475
18.259407058165436 6.0 2.510589487999939 28.599262993035374 9.394073464183135 2.753139607162307
18.330473174776 6.0 2.584017771867932 29.6738245306009 9.449430313719924 6.455400072560087
18.401539291386563 6.0 2.5522636426191463 22.076325926804973 7.946201737763269 -1.5661634501715422
18.472605407997126 6.0 2.554440426680751 20.661009271389165 8.865787385435208 -14.725182867852887
18.543671524607685 6.0 2.53990015359332 26.167697693854905 8.995314476278613 4.778085329536269
18.614737641218248 6.0 2.5939380995379397 23.443298341366983 9.352916979075848 -1.1103054106633863
18.68580375782881 6.0 2.6039166043278463 24.95877487017033 9.460504410701041 10.024065402409438
18.756869874439374 6.0 2.55575941333234 32.91149986191607 8.738596875054967 15.655420685863186
18.827935991049937 6.0 2.567232056578766 20.243565206092544 9.629743422794435 26.193639038998292
18.899002107660497 6.0 2.558866274243645 21.417473794566998 9.407311530281115 21.53621020215745
18.97006822427106 6.0 2.5757222528012735 28.64949762703447 9.142919973521488 -3.659636477215244
19.041134340881623 6.0 2.544498110327602 21.593702968273497 8.830963496229968 -1.3004088875676159
19.112200457492186 6.0 2.56478774374106 21.414906189713758 9.498254095000258 13.8983457309389
19.18326657410275 6.0 2.5504858901454095 25.35658465663742 9.044482094698946 13.25034380721057
19.25433269071331 6.0 2.5887016903183677 21.572984280898677 9.302066765238813 6.791277106717341
19.32539880732387 6.0 2.553692567833637 19.513865565977923 9.577196346178685 8.999419774383231
19.396464923934435 6.0 2.5600345295371096 24.762328868777082 8.663907717904411 14.114039810262408
19.467531040544998 6.0 2.5608025412932442 25.47101004584993 8.545238238218685 17.018098869685915
19.538597157155557 6.0 2.5379389503549903 21.273493461807863 9.232612615495796 7.012406795540542
19.60966327376612 6.0 2.5496159432455787 17.054699203699535 8.351571528506257 -4.195263289588176
19.680729390376683 6.0 2.531140294455296 20.26765719406882 8.833363809907823 -4.923889021570446
19.751795506987246 6.0 2.5238924650846712 20.892960005752403 9.117474038916077 15.718377977335297
19.82286162359781 6.0 2.5102801378862853 24.67329826957733 8.9103538233887 0.5414930813998762
19.893927740208373 6.0 2.5453243661883223 20.20377565223059 8.322030408284165 0.8051230719709928
19.964993856818932 6.0 2.548461817405945 25.075907907044154 8.8757500478842 0.26422876262239114
20.036059973429495 6.0 2.52930845276253 27.976097347077673 7.933724693139704 12.21451835180832
20.107126090040058 6.0 2.5253812383593623 32.31021327808991 8.469311370421464 22.906153711876357
20.17819220665062 6.0 2.572935566086163 20.829240226381728 8.398996534304159 17.65545457960679
20.24925832326118 6.0 2.5135554547809296 25.545606653914668 8.78723487337233 9.528560739031505
20.320324439871744 6.0 2.5815069760426397 22.156053959925593 8.414685041221071 8.798424622799056
20.391390556482307 6.0 2.514376803304831 17.838267946278673 9.395283944849101 -1.2120861719201974
20.46245667309287 6.0 2.5327909518897056 20.480127086225643 9.634283099365849 2.948781352594099
20.533522789703433 6.0 2.553417459292312 25.752404914228496 8.963286267979681 -2.3740074983406654
20.604588906313992 6.0 2.5458122604695563 26.84854509052916 8.718998482060378 4.426438431778706
20.675655022924555 6.0 2.531924070318996 21.4129102293451 9.112696658608364 11.997756804866569
20.74672113953512 6.0 2.5034462815740706 23.858442222849504 8.900852903708188 11.226739089620512
20.81778725614568 6.0 2.5566374588275322 22.557683293418602 9.024815096354116 1.3436377594734887
20.888853372756245 6.0 2.550730315802096 14.292042375889634 9.72753246647221 -3.691069772798839
20.959919489366804 6.0 2.507762190470705 19.664948438045847 9.019138148449226 1.788575923181626
21.030985605977367 6.0 2.5076167484751437 23.3138622891113 8.52931070758806 5.480783404996294
21.10205172258793 6.0 2.558131771408169 25.291785806819888 8.98352206973836 -2.6797069450027777
21.173117839198493 6.0 2.539959418580045 18.25054870074256 9.451947102818268 -5.818136710105847
21.244183955809053 6.0 2.6613479427364437 23.810301666662752 9.454593440323924 -11.190287332476103
21.315250072419616 6.0 2.60125072958055 24.571459431900923 9.578814617497427 6.5205336277424015
21.38631618903018 6.0 2.535976462923739 18.939970288046407 8.218098547234593 -3.077002994997857
21.457382305640742 6.0 2.546214215108129 25.438470803040836 8.895562498272362 8.54042441804707
21.528448422251305 6.0 2.563664521853913 14.86622549540377 8.587255461785244 10.584072162552147
21.599514538861865 6.0 2.5871438050794695 19.643124861943207 9.655655928377273 5.274510213109793
21.670580655472428 6.0 2.5519723687939084 20.73017876338841 9.154715284355058 11.554365954222446
21.74164677208299 6.0 2.535047148665298 20.15869773565424 9.182632292148574 -3.428257919588125
21.812712888693554 6.0 2.562842666637149 21.78515782549545 9.037859527581393 4.428812154441582
21.883779005304113 6.0 2.55830545454224 22.271096051760708 9.229131978684165 16.726740337081033
21.954845121914676 6.0 2.568379678982985 23.508826294284674 9.44832828267167 9.397098288680475
22.02591123852524 6.0 2.5550719801014625 20.443806739792574 9.197975549886896 6.216467962598391
22.096977355135802 6.0 2.5203817475240213 18.08360114641609 8.947796606771094 6.99880507235539
22.168043471746365 6.0 2.502271044265895 17.84497425630553 9.780020315526821 2.5558534709467806
22.239109588356925 6.0 2.5505034955683734 17.57811093940746 9.571172689558383 3.7491205870413515
22.310175704967488 6.0 2.5213277982224134 25.223685835060696 9.08437594723869 5.247992314183984
22.38124182157805 6.0 2.5441426206276825 26.65316824172897 9.375397371766347 0.4534856917725101
22.452307938188614 6.0 2.569494111783541 18.18324622407286 9.3818117373402 8.422128207125995
22.523374054799174 6.0 2.5158317850264433 14.670184644783697 9.201019120499346 14.201393020868348
22.594440171409737 6.0 2.548947059114814 18.14958502787291 9.049762823085288 14.144912040575807
22.6655062880203 6.0 2.5449616057580156 30.95621990010776 8.741549839136546 1.9417316827036997
22.736572404630863 6.0 2.531291613470659 19.286778798874618 10.31889704344425 10.459814047312019
22.807638521241426 6.0 2.534216444125779 19.181318022516734 8.92408398603372 12.350392306389837
22.878704637851985 6.0 2.5233567605726255 17.463893717403423 8.834211549755267 11.938478118228986
22.94977075446255 6.0 2.5460641754600615 16.79978835271156 9.335662813112915 5.676566513246149
23.02083687107311 6.0 2.5362566347655227 34.61728577422412 9.093720994437406 4.9486432880529465
23.091902987683675 6.0 2.4535529050331144 21.654682366771624 9.41706930738248 -0.2745917447628017
23.162969104294234 6.0 2.545730954369698 30.498880676334878 9.093128045913103 10.586901052762402
23.234035220904797 6.0 2.57015744236642 20.54157352184515 9.879375869630945 4.787263110376899
23.30510133751536 6.0 2.5932154629266675 24.927343543601467 8.606072614445623 0.20400549761092535
23.376167454125923 6.0 2.532656705513643 20.450364952972375 9.088820664964738 9.86047215193521
23.447233570736486 6.0 2.5636559485286345 23.026283805271476 9.81483636015172 -1.2422813898981016
23.518299687347046 6.0 2.578471212229673 22.63768895547615 9.17886628271723 -1.687252151429223
23.58936580395761 6.0 2.624475124327555 19.021946404088048 9.271505490520383 17.611301758633495
23.660431920568172 6.0 2.552559521584527 19.504230345324174 8.802586072876858 16.710398773649228
23.731498037178735 6.0 2.5733376133064785 28.00440398102413 10.277767430715002 6.44542801896741
23.802564153789298 6.0 2.567020279378108 26.381222670186432 9.547548132040339 15.51548657719558
23.873630270399858 6.0 2.524065622062519 25.25518783287665 8.383315568245857 7.228190011962077
23.94469638701042 6.0 2.6142585222125976 18.94273946658113 8.73629371786171 5.4573003770959945
24.015762503620984 6.0 2.5178972867252485 20.811627672372037 9.12676259511664 -2.028643890352292
24.086828620231547 6.0 2.535362646776661 17.421970439931012 9.899920352342418 -5.533459265040632
24.157894736842106 6.0 2.5264859390001115 26.49473021529586 8.541675759747969 14.525768649450356
24.22896085345267 6.0 2.535540465227217 16.15999639722026 8.78491999674209 16.602891892552762
24.300026970063232 6.0 2.5826967422126215 21.388105789943886 9.283721774719352 7.420292696689511
24.371093086673795 6.0 2.5643558313524237 22.941343954957084 10.379829285500252 6.43993243913562
24.44215920328436 6.0 2.5527325159095255 21.854777858312044 9.501216675567079 1.9091901795720965
24.513225319894918 6.0 2.50694767759045 26.75477807132303 10.197214577105427 -1.9115235397893784
24.58429143650548 6.0 2.5477624378234007 23.342620434910046 10.17463390556094 8.613823618719062
24.655357553116044 6.0 2.523846010300681 17.325492410271625 8.380470929606044 10.817896933692667
24.726423669726607 6.0 2.5507323967497437 27.921687903652852 9.525602192355995 6.308424992268167
24.797489786337167 6.0 2.5706612005647114 26.775308938418995 10.014091977472129 23.474054271968633
24.86855590294773 6.0 2.579018646080819 22.980701831468664 8.471915546378755 -0.2976163437980901
24.939622019558293 6.0 2.5912856294729494 22.90138666100016 8.322624012152222 0.6401992089379878
25.010688136168856 6.0 2.5158349470418573 28.394570799443237 7.956429684310761 34.82636369372648
25.08175425277942 6.0 2.562819767825535 17.266740638817744 8.529715420203395 24.56376296714962
25.15282036938998 6.0 2.5408392692365753 30.21899505339877 9.664300864674583 39.64818159912291
25.22388648600054 6.0 2.544348356687233 38.00366204284079 9.246091052719411 25.570349603733337
25.294952602611104 6.0 2.515048877196797 30.193304181494202 8.040311113200628 50.174800388573836
25.366018719221668 6.0 2.493958970574651 39.62251446038631 8.033560853777175 38.49447148823761
25.43708483583223 6.0 2.488110413874723 40.86075183786486 8.219004789015546 58.84691965887384
25.50815095244279 6.0 2.4521617536755964 50.786190300898326 9.06863102383874 79.24207098542594
25.579217069053353 6.0 2.379724647157376 45.87537194978691 8.6265324232413 69.79762914334928
25.650283185663916 1.0 2.426123847695307 58.14972511411072 8.865532849810391 91.06670564353742
25.72134930227448 1.0 2.376032478618026 49.078099530874084 8.668291048396437 93.03266695648014
25.79241541888504 1.0 2.373791033798428 60.197038989354226 7.988263779535157 104.56691922524509
25.863481535495602 1.0 2.351518476317474 55.22748467722121 7.792028876172327 119.9417029752939
25.934547652106165 1.0 2.295570200333224 64.4096507098565 8.293797484492499 127.66730630452658
26.005613768716728 1.0 2.3483058409678947 70.91991274267929 7.582805996325047 138.37953651330204
26.07667988532729 1.0 2.2544326132296857 73.91072559653456 7.779063767442728 131.38376495690156
26.14774600193785 1.0 2.3200250599286942 71.81858168863391 7.780476667705096 154.7852043274333
26.218812118548414 1.0 2.2251881276765646 66.6530712719201 6.794425180633262 147.7580105005648
26.289878235158977 1.0 2.2761536221472176 75.19430394482814 7.390027787277816 155.08277134730145
26.36094435176954 1.0 2.2269628685865874 81.18511305419088 7.196151808082481 158.99097629161818
26.4320104683801 1.0 2.2517759788045026 76.65467052833917 7.8372347825400395 143.9896986693911
26.503076584990662 1.0 2.240601152881429 76.48934033985157 6.6360817996193155 165.27421266179627
26.574142701601225 1.0 2.264767522305209 73.05813682815729 5.516108874616712 166.15485318224276
26.64520881821179 1.0 2.237841906836351 67.57833082352538 6.47519982134051 155.22473211065514
26.71627493482235 1.0 2.2547779990095522 67.9383720606063 5.511194982012367 172.4066807084452
26.78734105143291 1.0 2.218294761865613 75.50487433479283 5.803264002291906 165.7411691535239
26.858407168043474 1.0 2.2678685236761855 83.26691893008345 5.263608557479405 173.6943647168153
26.929473284654037 1.0 2.2125898720177166 70.8655549043602 5.707157162266459 178.68669796868798
27.0005394012646 1.0 2.2675380106664393 72.82819376465817 3.37997564057558 166.759839205736
27.07160551787516 1.0 2.2689767286331417 73.7749579339114 3.755802887325488 158.62603781037512
27.142671634485723 1.0 2.2255292423466746 76.86425573360079 2.5350759766614925 160.56297284662102
27.213737751096286 1.0 2.2272435341997237 76.0467509644729 1.6272415067008361 155.22950683478223
27.28480386770685 1.0 2.211822204444998 71.64347589175826 2.523819637498796 167.97181523006202
27.355869984317412 1.0 2.24270935207884 74.44924214885796 2.259047540646391 155.93934543342334
27.42693610092797 1.0 2.2680494281883776 71.90614627272231 1.7666564016654833 171.53823375616838
27.498002217538534 1.0 2.2487282757791323 73.86096106112409 2.343687245604628 173.67021045844157
27.569068334149097 1.0 2.2389320658263117 85.79445077001 2.686807477353917 169.24893183798466
27.64013445075966 1.0 2.20143187170697 73.73550671870252 2.9247313131769648 150.65910442881412
27.71120056737022 1.0 2.2349085796091543 74.56176089837983 1.2172108488857556 158.11720548968006
27.782266683980783 1.0 2.292801173420773 71.49070746258656 2.131980128962239 166.2579781073266
27.853332800591346 1.0 2.2716000952155637 71.63436812969229 2.211114635322782 167.4999574246392
27.92439891720191 1.0 2.2299612987519732 69.60084426234533 2.592782562792297 156.28180044474556
27.995465033812472 1.0 2.2712920889181265 72.2905355944636 2.893315671153646 160.46340504153756
28.06653115042303 1.0 2.2957354316610625 73.35387715491184 2.2691934708122385 158.21060380982883
28.137597267033595 1.0 2.2299038647127234 76.10777907978814 1.710753335096042 163.06919595806448
28.208663383644158 1.0 2.2422964950677207 77.42718450487683 1.4827946797348819 173.6190083981173
28.27972950025472 1.0 2.2031598207392418 72.11282764680445 2.9413877412287843 148.34622372887515
28.350795616865284 1.0 2.2193910007415765 73.9412763987525 3.080623255087519 177.71191058970106
28.421861733475843 1.0 2.280582626542669 79.05806497635417 2.7584383371102454 155.90449731687502
28.492927850086406 1.0 2.2501389579701354 68.41490390760985 2.701953051874729 161.77881304546406
28.56399396669697 1.0 2.251712336633868 78.06507753050509 1.880724670003491 166.16007612770298
28.635060083307533 1.0 2.2038110113630296 74.92980444233648 1.011401297883392 155.1042822811839
28.706126199918092 1.0 2.307224809072385 68.83472970733685 1.9458212411429057 168.00170318422056
28.777192316528655 1.0 2.3001270646167824 76.0727796678413 2.4698187281281565 164.4892914196621
28.84825843313922 1.0 2.229592917244504 73.67720626009027 2.9629923401508416 176.0661670197069
28.91932454974978 1.0 2.265601598547698 73.5795023942996 2.046985051861578 163.10014637925423
28.990390666360344 1.0 2.2814572165776235 79.80663507605021 3.138076845904712 157.20753034395116
29.061456782970904 1.0 2.22509574074127 80.24084847090549 1.4364502341815149 164.9593313560569
29.132522899581467 1.0 2.2960540868704262 73.75374927467833 2.5175432257609303 162.36469029945178
29.20358901619203 1.0 2.3158603940359606 71.09282139939239 1.9431476488337873 161.29064340293735
29.274655132802593 1.0 2.2394760297151377 76.02781917515588 2.318176648850113 180.15761318322888
29.345721249413153 1.0 2.2187939659167055 75.9238575042853 2.7573625083164317 180.22781407984368
29.416787366023716 1.0 2.267028150803151 76.56635404302556 2.701617892577361 184.92580838147867
29.48785348263428 1.0 2.226281700944399 77.8139660724799 1.6855444722717041 149.28613110721693
29.55891959924484 1.0 2.24787962874338 68.91773847451286 2.098402306373505 175.48091763935915
29.629985715855405 1.0 2.241584290283142 71.66493344094228 2.2057746909767153 179.86342069119368
29.701051832465964 1.0 2.275481757610297 85.98676766627806 2.93823393299321 176.42013307534026
29.772117949076527 1.0 2.203231457430728 74.43143080383683 1.949581884209493 172.64030601108846
29.84318406568709 1.0 2.3068445114325002 73.80171927436686 2.1771240302113233 174.70453094817427
29.914250182297653 1.0 2.254899414947107 68.8168306240067 2.358657918365897 154.88465798402405
29.985316298908216 1.0 2.270322843738389 70.86169123141819 2.426469917666783 168.86691465177358
30.056382415518776 1.0 2.29625465110843 80.54307434953677 1.3823977796428726 171.38929994402227
30.12744853212934 1.0 2.2760595064286466 75.01908108176988 2.4138614078227887 161.72019479527592
30.198514648739902 1.0 2.2941372135568168 71.23451603579925 2.2706114645586997 172.6095965983263
30.269580765350465 1.0 2.280328076766711 73.96706377804901 2.777219981282005 174.9229863212324
30.340646881961025 1.0 2.2454543326746723 69.10905391037926 2.90956300098324 175.73706044432814
30.411712998571588 1.0 2.2270523160685896 74.63042424131645 2.63559461866456 162.2838390806038
30.48277911518215 1.0 2.2956765038881897 66.56704484750749 2.135393460857589 177.21488674183934
30.553845231792714 1.0 2.257863498116573 73.37675431923034 2.368675930680925 170.9502701873449
30.624911348403277 1.0 2.300199476238321 69.72563865941606 2.8163203005412356 175.3375918872044
30.695977465013836 1.0 2.2576911207271446 71.36180163050794 2.7876673717298197 171.5963122131524
30.7670435816244 1.0 2.226910272864617 79.12058128786823 1.7023599724504914 171.94045179351835
30.838109698234963 1.0 2.276682065167574 77.51374930939461 1.9785953910437637 153.93751696004955
30.909175814845526 1.0 2.2272612420856657 84.66632383432942 1.8969293587042872 168.59933553461565
30.980241931456085 1.0 2.2819991636115224 75.71691743274002 3.0865003138195894 163.29328566215517
31.051308048066648 1.0 2.2602327806684697 75.09237303651379 2.2817282031453647 175.98396281044364
31.12237416467721 1.0 2.232235507892745 79.07633762792437 3.046280486986767 167.93487117488084
31.193440281287774 1.0 2.2102554127368776 76.48775625154033 2.260255442735571 179.6815160750083
31.264506397898337 1.0 2.266497960984635 73.69815479286352 2.092219319625129 152.48758006519301
31.335572514508897 1.0 2.257592446140918 83.37540307935211 3.4239736926994495 169.77155702889547
31.40663863111946 1.0 2.241967862768894 68.77301611119051 4.215632135536929 166.73642697017897
31.477704747730023 1.0 2.280342810391737 78.1501964181944 3.5978222722716877 160.70048912973337
31.548770864340586 1.0 2.239881837030521 77.09757788890614 3.9231129630816 168.68583370048486
31.619836980951145 1.0 2.2267957365484246 76.12240193104725 5.60544251512942 166.72706089423215
31.69090309756171 1.0 2.266658313107993 77.06885174434761 5.686341214495169 171.18828167984728
31.76196921417227 1.0 2.2688685803907065 76.15500157795682 6.403586889070274 169.05340556373497
31.833035330782835 1.0 2.196750487479564 74.20146920325486 6.407068574184407 168.82883976373046
31.904101447393398 1.0 2.1978777427783713 76.41441610768149 6.331534158858311 156.2228921578775
31.975167564003957 1.0 2.287311941019438 75.82482819788575 7.376650821162101 168.09217083893424
32.04623368061452 1.0 2.289846173803907 75.43020141195991 7.689362976495547 144.76385369263306
32.11729979722508 1.0 2.2848044327831416 77.21120021024554 7.78798291079873 164.7801063689749
32.188365913835646 1.0 2.227899323775437 70.06647541601173 6.784522207441932 144.99597978542587
32.259432030446206 1.0 2.2421716971359804 66.0587003757955 7.848546668119066 132.94970366172006
32.330498147056765 1.0 2.267372477838499 68.79185933883011 7.961335954650636 135.25904902139916
32.40156426366733 1.0 2.2912708820254575 61.874048667438124 8.346455367072991 120.83135061583607
32.47263038027789 1.0 2.348620970580344 62.705056101753186 7.780965925226951 114.98704632451425
32.54369649688846 1.0 2.368394414876797 59.16844913360329 8.537452114337716 113.75341098269503
32.61476261349902 1.0 2.378155673044589 56.19040044852104 8.734371662371041 97.32711008031578
32.68582873010958 1.0 2.3620519781908316 48.60225077176004 8.35420354596216 102.74416028110029
32.756894846720144 6.0 2.390453407656886 43.23983411920743 8.859974101624049 80.73216607888632
32.8279609633307 6.0 2.38733660302811 39.508791761385034 7.796739725669167 72.13327499367809
32.89902707994127 6.0 2.4633195421447818 41.80605390584516 9.256365190473415 81.07445858208806
32.97009319655183 6.0 2.495267997585728 32.3187071307098 9.128220060815991 62.3617352978433
33.04115931316239 6.0 2.4555647817947537 38.769795379026625 8.017000603897309 55.89600467731214
33.112225429772955 6.0 2.5248021794440723 33.8279518671194 8.765825632725342 35.6871409410356
33.183291546383515 6.0 2.5906263618833196 25.696573193613492 9.008263263756309 37.02554445365306
33.254357662994074 6.0 2.549225578963999 25.41683927740515 9.251283871061244 34.3274319993459
33.32542377960464 6.0 2.5201130684773108 23.428010995499893 8.12760585194362 27.063280020325774
33.3964898962152 6.0 2.5618273334403865 22.517898424654536 8.834012941862337 -3.771664782233099
33.46755601282577 6.0 2.5950818629061567 31.57675494459987 9.285547987474995 12.88887007652682
33.53862212943633 6.0 2.535828167734773 19.26173761077786 8.859307183785095 5.739908738039547
33.609688246046886 6.0 2.5154709693643227 22.2677973266003 10.1781375572104 14.5996009976828
33.68075436265745 6.0 2.6212567949439207 20.621630776957055 8.322238265247885 -5.497684547229538
33.75182047926801 6.0 2.5216374441112053 22.424836402996064 8.7050469053419 -1.7054014976863892
33.82288659587858 6.0 2.545476884053095 17.405338906635127 9.433110525061933 13.58885361785806
33.89395271248914 6.0 2.6001260567296605 27.53735495563585 8.345540706639861 9.5590457996856
33.9650188290997 6.0 2.5549989644927016 29.837680647763612 9.250763356075995 4.744554400811192
34.036084945710265 6.0 2.5108728339613298 23.325275995198314 9.901755132818149 9.435577140426492
34.107151062320824 6.0 2.5375134810251345 24.622109410646786 9.857480698823405 -11.214400736174362
34.17821717893139 6.0 2.5419977609573587 19.137074900461613 9.13128477148256 -0.6605325956878243
34.24928329554195 6.0 2.5966435323560426 17.215324032713603 9.213444571533872 7.588609307638485
34.32034941215251 6.0 2.520163224408472 24.7585902751116 9.181922688344585 -9.342063464449891
34.391415528763076 6.0 2.5791348343671783 16.43032648306837 9.344446620830851 4.044604033722891
34.462481645373636 6.0 2.5671482298263473 17.034732843393865 9.750699681694533 -1.7059276821918372
34.5335477619842 6.0 2.5635915308229107 23.6612381802185 8.392682404244441 6.208195802441415
34.60461387859476 6.0 2.6062026869623884 15.2242773538841 9.927025540579898 23.44314262631498
34.67567999520532 6.0 2.5500653884837097 21.19716492751395 8.15497473495366 1.8331810548320933
34.74674611181589 6.0 2.5163802429694457 24.84600203714342 9.005213234144103 5.984659447982096
34.81781222842645 6.0 2.5377164906814786 24.407867491946917 8.735237174197817 18.393077730658977
34.88887834503701 6.0 2.568987971817034 20.39314868088112 8.315555967988542 1.976952120450587
34.959944461647574 6.0 2.6031107007954093 26.729072408602477 9.400240877778984 17.86810661484433
35.03101057825813 6.0 2.56901833201781 30.611036545285607 9.856626709771936 -4.386679379386184
35.1020766948687 6.0 2.5739269499661575 20.95075252027018 9.22906011971506 6.724853412031082
35.17314281147926 6.0 2.5842096308904723 22.04458415974959 9.609201740145608 6.095647658502039
35.24420892808982 6.0 2.5797554961464337 17.508351822437252 9.014021798557133 8.237629652220816
35.315275044700385 6.0 2.6031376114250553 21.308907516137207 10.096263476605317 1.5140195880369784
35.386341161310945 6.0 2.534134178511502 24.33198471214839 8.82715495740211 7.282332080886843
35.45740727792151 6.0 2.5852839674141106 22.623058998017186 9.300146603407237 7.916161924144284
35.52847339453207 6.0 2.5783054956843166 27.3339075424022 8.589143399014404 -0.9654097535787338
35.59953951114263 6.0 2.549921006003911 15.543770572017827 8.391483619215737 -2.909413981389294
35.6706056277532 6.0 2.5725628726702223 23.200149423155416 8.895807434639051 -0.5548804355459067
35.74167174436376 6.0 2.546166957139973 17.25947500768987 9.040130059971416 19.85344798690344
35.81273786097432 6.0 2.528513518966028 19.06567236124426 9.716297572214998 -3.1418006066014055
35.88380397758488 6.0 2.5406733130116153 29.361686553814742 9.302282700513084 10.562820047880308
35.95487009419545 6.0 2.553877139255676 21.482711456404093 9.51425656907275 15.739936712240382
36.02593621080601 6.0 2.5530459145128384 20.36308201413944 9.1823915806005 6.652041430017633
36.09700232741657 6.0 2.5609900259895593 31.66962256408379 9.076499636268698 -1.5676218641016426
36.168068444027135 6.0 2.566750062509007 26.897747662297686 9.84396934134417 22.253513795286516
36.239134560637694 6.0 2.5381356140710842 25.26081662739891 8.539249438428211 15.652111037943882
36.31020067724826 6.0 2.558907918706968 25.06580858157044 9.52824538599205 6.759080834197403
36.38126679385882 6.0 2.541893152421058 17.4043527975179 8.322445335889283 -2.8865890997046346
36.45233291046938 6.0 2.5200310840603493 22.712648034641227 9.222098826118353 2.826912938264378
36.52339902707995 6.0 2.535075995362523 23.388873008126133 9.719496584248347 1.0174318456193872
36.594465143690506 6.0 2.5689371254605526 23.240483908601597 9.564436507058048 2.7669698184686484
36.665531260301066 6.0 2.562092464564141 26.65995190534244 9.449405959811669 3.2238816035791777
36.73659737691163 6.0 2.5837486248950934 17.55666537222103 8.718438149605586 16.48084778880869
36.80766349352219 6.0 2.602814049994427 26.065657859802283 9.06914854919556 11.822388301487814
36.87872961013276 6.0 2.5263590150211526 24.188219180241582 9.563871280348957 -0.6894730940772984
36.94979572674332 6.0 2.5511519270256726 27.464229614622173 9.799223041454738 7.223303699205681
37.02086184335388 6.0 2.529495957114579 18.14739539761377 8.967527151959816 -1.0778025083076637
37.091927959964444 6.0 2.5109487400241486 23.875720201389186 8.221563930749282 1.5400572701906938
37.162994076575 6.0 2.574302503017616 23.888793682645314 8.260645676472716 2.221842618932482
37.23406019318557 6.0 2.5338503791960667 25.84834909686534 9.271161582262684 -8.32428085522467
37.30512630979613 6.0 2.5779298433093167 29.39166014839374 8.711255452244927 -2.1873473813676423
37.37619242640669 6.0 2.559365671391047 21.045273810524048 8.753323313544119 -4.918365565255886
37.447258543017256 6.0 2.5344020134470813 28.811397462947212 9.651343352786093 15.399784026512192
37.518324659627815 6.0 2.5845740785722335 27.206584804309582 9.61560693801839 14.379341146392894
37.58939077623838 6.0 2.625622359686732 24.851532020823914 9.153611918148338 1.246840170218917
37.66045689284894 6.0 2.5188025766891053 21.456887529277765 8.753892601572916 11.35411191848738
37.7315230094595 6.0 2.5617274453430805 20.141237871240754 8.475147533975107 4.73822545044775
37.80258912607007 6.0 2.5413676573993462 25.918807859691565 8.632481826169792 -1.739322100709301
37.87365524268063 6.0 2.5541621663983447 18.913601598185195 10.038673480093811 6.581224626586891
37.944721359291194 6.0 2.5328284022462157 19.5042872660213 8.614795106865795 8.878856738317507
38.01578747590175 6.0 2.5405612026339113 23.736242045302696 8.460227050286495 6.528873655618214
38.08685359251231 6.0 2.564543297113321 19.684830906383425 8.440969539178047 10.849863514031505
38.15791970912288 6.0 2.569293866229339 19.83127122883088 10.365402614182992 0.7936575544009008
38.22898582573344 6.0 2.5025206262868225 21.228236258694118 9.171149117320297 -0.14671154980650325
38.300051942344 6.0 2.5361736338150234 18.34648271199289 9.186119587706111 10.933171448841131
38.371118058954565 6.0 2.514265000391326 30.083815642141957 9.514845585258072 -5.8792003282431295
38.442184175565124 6.0 2.5541451491297575 22.03873931193028 8.890288224800717 16.524523698730576
38.51325029217569 6.0 2.4981806175699055 24.68497988996523 9.626506817184014 -7.56112837426163
38.58431640878625 6.0 2.5410571090375984 18.934976213896974 9.505569551824001 9.037125785339638
38.65538252539681 6.0 2.5117915628791057 22.985413978345033 9.513510798127582 -10.748355613752139
38.72644864200738 6.0 2.590957644038274 23.47060655662229 9.356558817918499 6.185857194041095
38.797514758617936 6.0 2.558567636947006 16.044854883674464 8.763578532753957 4.892821025893102
38.8685808752285 6.0 2.5487418651453173 17.652246565446063 9.008562839248969 19.81112407115164
38.93964699183906 6.0 2.4878431895045736 23.2853100000904 8.860906285789508 -2.9150323732853494
39.01071310844962 6.0 2.5305778708156774 21.902835824062965 8.77648307075271 -0.5580865913892135
39.08177922506019 6.0 2.5616295973882592 21.016686460119693 8.506117494989514 10.380389953573236
39.15284534167075 6.0 2.5316505631317066 23.86066663515753 9.609540035086747 14.290626649557131
39.223911458281314 6.0 2.6098138000486433 16.177370573098983 9.333932309097312 10.38539593012738
39.294977574891874 6.0 2.5396464457481422 19.658268776327418 8.774686198750219 26.300667373100307
39.36604369150243 6.0 2.6109294492875295 24.641877400372394 9.035776764742002 19.61183857868494
39.437109808113 6.0 2.4980067084166233 22.567298895889575 9.428530461402655 1.8649792373469083
39.50817592472356 6.0 2.567690914262142 18.503007244189966 8.01804028216193 -1.8105855898456147
39.57924204133412 6.0 2.5546265748587134 20.888843523730365 9.922383397731007 -3.154792726188825
39.650308157944686 6.0 2.4995488391951857 13.51780971523936 9.707634246481241 13.216126411277507
39.721374274555245 6.0 2.538333497226098 19.272654918429225 9.568469843534302 4.4597958494787795
39.79244039116581 6.0 2.558164503134341 26.204493552146726 9.089246094325077 -4.799833829822722
39.86350650777637 6.0 2.560139707412879 21.29847489846611 9.349618583946308 7.392309422024608
39.93457262438693 6.0 2.6167316063924217 23.792143626511905 9.28664257943592 -10.62025835031324
40.0056387409975 6.0 2.5942225536665804 16.543909140629815 9.826968569403295 0.3501210495580418
40.07670485760806 6.0 2.5765982632919573 19.63691459951637 8.408973854972887 2.3599046406183257
40.14777097421862 6.0 2.595252223153501 24.7767317056101 9.160822613966866 12.761598735290782
40.21883709082918 6.0 2.5383658548798014 30.45663681083217 8.179565847312505 19.936029395981485
40.28990320743974 6.0 2.571777171971923 26.803420854256878 9.957386391489422 0.04674935773249089
40.36096932405031 6.0 2.5606485600833206 26.448284020388545 10.011189976003601 -2.672669636243315
40.43203544066087 6.0 2.520627039365489 19.4904178497735 8.861438165262863 12.732557411103942
40.503101557271435 6.0 2.5105957031748183 23.57872401387187 9.841036734549318 8.142009747274269
40.574167673881995 6.0 2.5808210595629464 16.018018683938156 8.648879939570426 -0.14189205188750886
40.645233790492554 6.0 2.564331172200609 31.8142451884326 9.463278001862422 1.0636271054297124
40.71629990710312 6.0 2.5779112669198856 20.671165146683986 8.66479022484959 -7.87036517245186
40.78736602371368 6.0 2.543745234906389 21.497871901435786 9.53370203164256 0.2708245415406223
40.85843214032425 6.0 2.5283858162166064 28.837090316970517 9.107470291404812 3.9390587425884163
40.92949825693481 6.0 2.545298823971733 16.128938905077163 8.604278355105604 1.7891691938119099
41.000564373545366 6.0 2.5458175183353884 16.922994044503483 9.115974069065587 -2.495683243269575
41.07163049015593 6.0 2.490668717383178 20.999170227800203 9.436932554253112 0.656980717328695
41.14269660676649 6.0 2.5515394969355296 21.790058111058844 9.816173773652464 14.64567823255024
41.21376272337705 6.0 2.55400203838454 21.70911835681001 8.863953798049232 7.015660447241262
41.28482883998762 6.0 2.571978974485302 21.348672145533847 8.46494625036911 0.22671353686679385
41.35589495659818 6.0 2.569066569451527 22.22513314088908 8.856337742172903 3.770330894314947
41.426961073208744 6.0 2.5476511174110277 23.13319063066686 9.394189479718856 2.5558194778695555
41.498027189819304 6.0 2.568431528978704 23.61852280942111 9.11875234493623 30.724579673638228
41.56909330642986 6.0 2.5643908032690708 20.78350303295604 9.750758493476484 1.8410998984356803
41.64015942304043 6.0 2.5156733109487686 16.69163742358502 9.92222884191375 11.482112657598295
41.71122553965099 6.0 2.5803979670609256 20.733161715789183 9.634563243604935 -8.871997351494283
41.782291656261556 6.0 2.551078445709595 21.579356794510318 10.051555778378138 3.4552056202467814
41.853357772872116 6.0 2.521567634789761 29.44992145281769 9.783695726515072 2.18921045103703
41.924423889482675 6.0 2.55596509872935 31.947583803027683 9.963612316557974 9.40802012413583
41.99549000609324 6.0 2.5248140151748664 26.276284003925802 9.679172063478717 0.7994290549150431
42.0665561227038 6.0 2.561012001727204 23.768971943937043 8.904682915241011 -16.875553084674852
42.13762223931437 6.0 2.58575270398794 20.60455953389977 8.71149134044567 10.235533963950564
42.20868835592493 6.0 2.5538687509202544 25.44173485039298 9.060198260463824 -0.7583281835659825
42.27975447253549 6.0 2.5280857492297137 20.890185006353747 9.837175645038322 9.072909677345631
42.35082058914605 6.0 2.553791164815335 20.475144431457135 9.149051128900627 4.077940049317486
42.42188670575661 6.0 2.539997756945217 20.056957222504888 9.695804785005175 2.379059770522142
42.49295282236717 6.0 2.5753797861518746 23.606851695706137 9.265634375609658 -11.604932179879675
42.56401893897774 6.0 2.5891346401886626 25.5900202743861 9.226730609269321 3.6026644164490524
42.6350850555883 6.0 2.5136389738427263 22.06571561842625 9.393808272117582 4.382365489673415
42.706151172198865 6.0 2.528638508986012 21.074335427996413 9.525325030694352 0.10098254197958134
42.777217288809425 6.0 2.5841845443443456 15.104410208468943 9.258714565108644 -8.535011466339537
42.848283405419984 6.0 2.557982821197384 22.623411321253716 8.90511478051548 7.6222367912025035
42.91934952203055 6.0 2.5317814676733357 23.542740205755578 9.298732414928162 8.888883317116962
42.99041563864111 6.0 2.596306151990018 20.868585044672283 9.190220126983794 7.521198200683859
43.06148175525168 6.0 2.610463749433328 21.79195037709992 10.214202755822805 11.639222813090127
43.132547871862236 6.0 2.549701353328371 19.533606281143737 8.404158451316333 7.721802924015437
43.203613988472796 6.0 2.5573229530103103 18.115731648520068 9.200184637206187 11.4771575677518
43.27468010508336 6.0 2.4832291063426095 21.982266748779004 8.60976136126137 -8.465418122859976
43.34574622169392 6.0 2.521668326664836 18.53559842908367 9.616455328844724 5.450985252700553
43.41681233830449 6.0 2.5250857833639144 15.818143408932091 9.067317721955686 8.99053567075499
43.48787845491505 6.0 2.531659569831429 18.34864416622342 8.682925183647376 7.300195421146987
43.55894457152561 6.0 2.586244086246098 21.0821123527852 9.38237474599785 5.005019509907643
43.630010688136174 6.0 2.609134493118619 22.8173123349622 9.124113283205663 4.001352893614323
43.701076804746734 6.0 2.520853284605392 33.75043164979078 8.81137913002213 12.896606868655102
43.7721429213573 6.0 2.5769346227734657 13.092193689682194 9.166303327651125 -11.65895463159012
43.84320903796786 6.0 2.5067401730727292 30.337332966739094 9.629510215732552 5.889503965040489
43.91427515457842 6.0 2.5993568417291684 22.8690246196983 8.818642566170881 10.320686569184616
43.985341271188986 6.0 2.53353103117975 21.411030953503907 9.564607471037284 6.918804545846775
44.056407387799545 6.0 2.553403470702064 22.972866955026515 8.643484879497256 13.414246550951255
44.127473504410105 6.0 2.5464464066920107 23.565874666472027 9.45029874113648 9.496863333724534
44.19853962102067 6.0 2.5359169947815645 21.13354308992709 8.546566469753532 13.564549476875488
44.26960573763123 6.0 2.5740470881968474 22.273264345960108 9.776899594111217 5.737427404528991
44.3406718542418 6.0 2.575644116171946 17.56584900020055 8.639091930996678 2.658751578952209
44.41173797085236 6.0 2.5568410325629944 18.050154062207444 9.650127030715428 2.4333671054812753
44.48280408746292 6.0 2.534158561165618 24.76363702112478 9.2914533714926 7.19430073377958
44.55387020407348 6.0 2.561154097264565 22.18112228943686 9.411002367302345 10.18498807349285
44.62493632068404 6.0 2.5777186396598273 25.376798815893967 9.111478138651904 10.327639590781445
44.69600243729461 6.0 2.584297258013405 16.43166853634407 9.560096979813313 22.47609165473958
44.76706855390517 6.0 2.5462412169978776 21.444450389556756 9.081667046123783 11.028020483077054
44.83813467051573 6.0 2.5641134575790736 22.26203631064159 9.552262199582303 14.9705299753624
44.909200787126295 6.0 2.5498066568578754 21.05347961653532 8.198925166708586 22.42285343826758
44.980266903736855 6.0 2.5506045420541255 15.4100301801879 9.75602211153778 6.471997618705655
45.05133302034742 6.0 2.541227247533015 20.091795032901633 9.11436050373053 -9.969265443137699
45.12239913695798 6.0 2.5516846329144673 20.321845503348868 9.008698925484026 22.2966714944195
45.19346525356854 6.0 2.581672877411871 18.791095387585763 8.969090617863962 4.913257121083988
45.26453137017911 6.0 2.5599055789188467 26.938743317725983 9.139129307231919 4.85766188902629
45.335597486789666 6.0 2.5722734954589592 24.65120573632959 10.083638502154262 17.987964233504208
45.40666360340023 6.0 2.5788492592201466 26.067706671366448 8.559455936395633 -6.02061448928691
45.47772972001079 6.0 2.5324858705889888 17.675341856032325 9.413174514404451 1.3523412832122892
45.54879583662135 6.0 2.5054449970565296 26.14453818255883 8.843162476289287 7.198835132570181
45.61986195323192 6.0 2.560279736323514 30.32692768673632 8.96034488107032 -3.3162665710092885
45.69092806984248 6.0 2.5572936603869727 24.064294874784075 9.876676750824814 -10.893841488012484
45.76199418645304 6.0 2.6043327124701334 23.18129698910853 9.313970559631864 6.919568864037934
45.833060303063604 6.0 2.5577523094586105 23.319121965782223 10.301311883113954 7.222175871914649
45.904126419674164 6.0 2.5721674527994316 25.78851587697542 9.536886845507853 10.697280325843288
45.97519253628473 6.0 2.535946442716432 20.262022693361878 9.43869315193154 14.335131186978508
46.04625865289529 6.0 2.5458790355198206 15.379354053826603 9.645795171294928 18.33059409274802
46.11732476950585 6.0 2.5232107180897936 26.667814896189334 9.359021298148244 12.065698162569124
46.188390886116416 6.0 2.55837307498872 21.60557901910828 9.086928606929657 -7.605688354578999
46.259457002726975 6.0 2.5116894684489135 21.30103703694204 9.313268318005859 -3.6573651241710383
46.33052311933754 6.0 2.5405363560318652 25.0045477321164 8.71979021677386 21.32470538207746
46.4015892359481 6.0 2.583622560881936 19.555716732201688 9.691947982405482 9.828571042547047
46.47265535255866 6.0 2.5243500910114838 22.444178253706184 9.369064749886084 18.767708258391735
46.54372146916923 6.0 2.5211098356793467 27.46093090072124 9.38592606822938 12.30260915864304
46.61478758577979 6.0 2.505984951483524 26.44774951990137 9.062925104434512 23.210950885263955
46.685853702390354 6.0 2.523506499761546 30.11556507489599 8.703597803770505 29.68317771807484
46.75691981900091 6.0 2.505395412148599 29.17739785236226 8.690483151213137 29.650850206731008
46.82798593561147 6.0 2.4930302701406464 29.04880307256951 8.91527639795441 62.994609040514206
46.89905205222204 6.0 2.4717556317804275 31.239812656671738 8.88183383408474 63.6121179179067
46.9701181688326 6.0 2.4849212169497594 33.40324862977786 8.72817427308357 64.79703874600155
47.041184285443165 6.0 2.4538400586910485 45.009725310655895 9.438882653706296 59.136501576666284
47.112250402053725 6.0 2.437034309009082 43.02284867130487 8.445988027043047 75.09015081115501
47.183316518664284 1.0 2.4310186112386263 46.85066535363096 7.7114009152453304 94.60910391143223
47.25438263527485 1.0 2.39482849323519 50.47856649158635 7.428148999021301 105.07814076679581
47.32544875188541 1.0 2.375221379773396 59.74912384953564 8.470241190391734 107.39506427259286
47.39651486849597 1.0 2.2859451747768604 63.96750912938139 8.425263323555928 104.75432102752359
47.46758098510654 1.0 2.3178090976816716 65.24509001525226 7.696940986688323 118.1312187447067
47.538647101717096 1.0 2.2680063178285015 65.5029953458462 8.016996991222374 143.24318657846575
47.60971321832766 1.0 2.3023139895905795 70.92448884593769 7.52383272258542 127.78755033600459
47.68077933493822 1.0 2.260306863019075 73.51243779505255 7.239474195491053 143.14507987097866
47.75184545154878 1.0 2.2479019506752067 66.96043502862126 6.858479746103537 155.1089726631354
47.82291156815935 1.0 2.1873383714831127 78.54245499582554 7.049381333973316 137.35661812629104
47.89397768476991 1.0 2.261640071213211 78.69183381348387 6.7259483758293515 149.48388125104555
47.965043801380475 1.0 2.307859967130685 73.38887295136135 7.196756030369114 148.14855822055395
48.036109917991034 1.0 2.2359161559567835 70.45417939907882 5.85775567882306 166.8638672347256
48.10717603460159 1.0 2.262364908792317 70.79800415620248 6.209672482374868 164.85864197524953
48.17824215121216 1.0 2.2529180356882272 75.50379805247977 6.644619759060365 157.72670722610476
48.24930826782272 1.0 2.288932498637316 72.9292972144349 5.023225917000843 183.19659873782712
48.320374384433286 1.0 2.2371063366414554 73.39257169553501 5.901407329949908 163.32229522849573
48.391440501043846 1.0 2.212082126342275 76.94548114842976 5.44032961086205 146.4308418294422
48.462506617654405 1.0 2.2410665873357876 73.2451293647903 5.058978198148069 171.02046122318185
48.53357273426497 1.0 2.2669543897574918 77.07794682758454 4.324636533388375 169.39319842232356
48.60463885087553 1.0 2.220788428634532 78.44176621042087 4.114909123589818 160.85382136429712
48.67570496748609 1.0 2.25672890676917 65.56546869961034 2.9542675223611243 158.5431150614701
48.74677108409666 1.0 2.250823583439471 80.69114497849435 2.7777518497641345 181.53950690317578
48.81783720070722 1.0 2.238771998095902 71.65186773275168 1.8543866648235339 166.50392521474552
48.888903317317784 1.0 2.2106339906683927 73.35281790569864 2.475254942705827 182.606741989334
48.95996943392834 1.0 2.243326208816576 74.9843023461709 2.6826697849392533 175.62069703609714
49.0310355505389 1.0 2.250693986745793 71.47946463825681 2.3201630977627086 167.88373732192238
49.10210166714947 1.0 2.245645777737423 70.12542963916853 3.172998570975651 160.9215316537959
49.17316778376003 1.0 2.2786168910359326 74.47465082631543 2.956059378342804 173.96556208022153
49.244233900370595 1.0 2.263549899847583 79.83384644399969 1.8800247391309952 149.21863021667903
49.315300016981155 1.0 2.2608338653999884 74.19737979982834 1.5494940276089808 163.73041023851
49.386366133591714 1.0 2.263365371658667 73.9255342046557 2.515223054613356 149.38292693673176
49.45743225020228 1.0 2.1847300047889786 65.69897389848964 2.07412962501654 182.47393040968495
49.52849836681284 1.0 2.240904578661043 76.92985555983392 1.9795660536198583 166.77886597773218
49.59956448342341 1.0 2.293153196447302 63.99055234794613 3.200388053254531 162.11194712823658
49.67063060003397 1.0 2.221852834649332 66.75402272791871 3.118376620647254 167.18165945275882
49.741696716644526 1.0 2.2498040278482154 76.73858074838898 2.2886239091767826 149.75981315602712
49.81276283325509 1.0 2.2274513910242577 71.00020763922059 3.2800702967497424 182.29684577435813
49.88382894986565 1.0 2.2891930262981566 79.32171589231251 2.8147131451659897 178.93577478922867
49.95489506647622 1.0 2.2572618757816176 76.84107263643364 2.9088022192036327 165.39780405700878
50.02596118308678 1.0 2.275878492360031 70.48663878748503 2.183560505691715 172.60979327763258
50.09702729969734 1.0 2.220337478365742 73.08489512896367 1.685542948662212 165.38119485001943
50.168093416307904 1.0 2.2252758319225374 78.46786109788583 2.5693226079432896 140.58611538253
50.239159532918464 1.0 2.2802020290771816 76.9810846453186 2.96777085464389 166.08477234339185
50.31022564952902 1.0 2.2436896099764048 74.12416055958737 2.4764059797413096 161.8813994555283
50.38129176613959 1.0 2.3000077807760175 69.43817446387759 2.1122563489864903 185.0966026961369
50.45235788275015 1.0 2.2625349150775302 75.60122880730346 1.6655451202498175 161.06795563730867
50.523423999360716 1.0 2.2460601237741047 73.99183567903114 2.2192843362936547 170.6666104429743
50.594490115971276 1.0 2.2048681435003004 81.7874255051358 2.829397630160282 173.5423720601489
50.665556232581835 1.0 2.2597408957458742 73.64532890965296 1.3789287748618129 180.5078022864696
50.7366223491924 1.0 2.2288733619561594 73.82147247262158 2.4592998549168548 158.82535368490724
50.80768846580296 1.0 2.271062934723906 74.67574671593124 2.3508472021938416 155.41434423219332
50.87875458241353 1.0 2.284046311784992 75.30284950615345 2.6047626518383735 163.59881626985566
50.94982069902409 1.0 2.314515446553267 76.70982267592888 3.3588341001967352 172.8551867625923
51.02088681563465 1.0 2.233087797280202 79.337411219292 3.685495178178134 163.86337616067223
51.09195293224521 1.0 2.2575120354113487 80.72444270793294 2.786169607777596 160.24896560442758
51.16301904885577 1.0 2.2402620158385673 76.50025812206695 1.922330067359523 163.10911195691358
51.23408516546634 1.0 2.2544199130343423 78.76543457727932 2.8216196583063935 153.62370818735508
51.3051512820769 1.0 2.254908961280714 72.91670301017595 3.3266428328663036 149.44375372022628
51.37621739868746 1.0 2.288047428281147 73.32235499714326 3.4964769244184395 152.26376704225214
51.447283515298025 1.0 2.3463637171755067 71.77215887035939 2.1777871518041354 149.37742572247765
51.518349631908585 1.0 2.327277984034804 72.65656562857707 3.183769194936015 151.5344984311151
51.589415748519144 1.0 2.440451103407466 73.77903825582777 4.211431408136539 144.87799403095894
51.66048186512971 1.0 2.407139021391516 69.74887351100348 2.9292188231706087 127.11944429731663
51.73154798174027 1.0 2.422348424425775 76.6057274855083 3.55773911625364 105.84312554236071
51.80261409835084 8.0 2.4961976396857755 76.6025849041437 3.190660343995661 128.11579856180936
51.8736802149614 8.0 2.5238504713178878 72.9031247474144 3.313749217591858 108.15412395555228
51.944746331571956 8.0 2.509647013110612 66.9120818444398 4.37434454335462 97.95822822901616
52.01581244818252 8.0 2.567051876071799 71.85279259832944 3.8309062873353366 90.94454705584822
52.08687856479308 8.0 2.591288878166018 68.61083206045558 3.4163962267747063 110.82261002606148
52.15794468140365 8.0 2.5994449639106776 71.32824028658649 3.569079780340907 94.95531744817629
52.22901079801421 8.0 2.660563265449373 62.68573925264717 3.904102238675401 87.6645175483076
52.30007691462477 8.0 2.646572883029239 69.12007545098933 3.744477243504359 90.02929586531405
52.371143031235334 8.0 2.6810106927636044 67.6067007650065 4.057167770654165 85.06373653835902
52.442209147845894 8.0 2.699617913974811 69.375523356953 4.879422581559759 89.73822048007588
52.51327526445646 8.0 2.7141744297691632 72.57457973918193 3.293941992691179 75.7640435296036
52.58434138106702 8.0 2.726121691456486 64.66562426840369 3.9615915181114656 97.80526299036605
52.65540749767758 8.0 2.680051121184517 69.46063142143028 4.410044162920814 75.47196247768895
52.726473614288146 8.0 2.709305432756995 77.01979352703427 3.876061104148689 74.12899478059184
52.797539730898706 8.0 2.7024004510570703 68.90141963328081 3.7417815267142833 78.29839942532423
52.86860584750927 8.0 2.738005307422339 66.79033761680773 3.239735881704708 70.12563249886624
52.93967196411983 8.0 2.685701588482911 68.40987474755097 4.154020764839341 60.72333665049831
53.01073808073039 8.0 2.6937105896695095 73.96417341949108 4.638685343376406 83.05229395474265
53.08180419734096 8.0 2.7138047393401226 69.35998409187559 3.462289539833205 63.30600671091188
53.15287031395152 8.0 2.6971424613164965 75.67036777874007 4.736749956615347 73.67136353535786
53.22393643056208 8.0 2.7492003093694115 72.97069210948028 3.0340363451213976 81.149964632257
53.29500254717264 8.0 2.7135175360213655 72.81326080241735 3.289273419064549 68.64668881054041
53.3660686637832 8.0 2.691536140245884 63.66931391819944 3.551071380742248 78.33262444629413
53.43713478039377 8.0 2.712890123457015 68.27181811024336 3.224900916080284 66.34057491580978
53.50820089700433 8.0 2.707256520164341 64.12042836846193 3.4034475895345455 92.8484245732161
53.57926701361489 8.0 2.6674344280551323 73.376257352699 4.3448030375087106 93.11885120393137
53.650333130225455 8.0 2.67190511416779 66.62604332803392 5.5572416605904 57.85989648105163
53.721399246836015 8.0 2.6908146392583787 72.32888282448825 5.830709040635251 81.02154581603958
53.79246536344658 8.0 2.7319540091217167 69.69120884932843 6.048644669852659 83.10831721116736
53.86353148005714 8.0 2.7180632972816476 71.71658881357278 6.424854303904919 62.662044454886825
53.9345975966677 8.0 2.7316853687412816 64.04170377141008 8.215053530472243 90.14573247352575
54.00566371327827 8.0 2.7475434105055054 68.36597086188252 7.459917665352568 80.01484510671776
54.076729829888826 8.0 2.6886871896743454 72.05962591347917 8.233259185388064 78.91095397321554
54.14779594649939 8.0 2.700041610978942 70.53111710545345 8.419461438822422 69.27730325135114
54.21886206310995 8.0 2.6677326595940043 76.76758316017705 8.69545246209992 82.69876786444341
54.28992817972051 8.0 2.7238573203569687 76.79328834562853 8.216096381556678 78.21911469623542
54.36099429633108 8.0 2.672876211018906 78.64527438889945 10.061945633224813 85.57459006319327
54.43206041294164 8.0 2.693334657654158 69.80894175864485 9.449501795093083 78.28416220417954
54.503126529552205 8.0 2.7150499643447255 63.22116468842443 10.36108512520324 66.78763624490321
54.574192646162764 8.0 2.6788581582824023 66.39195800036617 9.329765181121827 84.11505009822893
54.645258762773324 8.0 2.664277461434962 59.88702079494816 9.82995433650381 82.85509186273016
54.71632487938389 8.0 2.6596937286479223 68.28282103771178 9.512191076635517 77.8582866918089
54.78739099599445 8.0 2.6578969611679764 66.88315635312479 9.905395818527634 97.80220614816015
54.85845711260501 8.0 2.614813488329728 67.54579360029493 11.029878906377347 95.6745983631945
54.929523229215576 8.0 2.613139932287066 56.13921132810635 9.631201949517374 105.4301585925556
55.000589345826135 8.0 2.601577729829034 59.57172120435297 10.68887774681275 99.163983164388
55.0716554624367 8.0 2.5408166377225356 54.326064791904706 10.898813687740962 100.7778164262716
55.14272157904726 2.0 2.5395621697436477 60.068793368357674 10.775801341634134 100.22590945120294
55.21378769565782 2.0 2.4963816066435878 54.957522827284315 10.832016982786449 96.7052528113986
55.28485381226839 2.0 2.518689165887945 55.04493773595217 11.437322656762467 120.4358234231401
55.35591992887895 2.0 2.5382679348707304 46.286797832128016 10.491194552313248 115.43350001966932
55.426986045489514 2.0 2.4355323603591907 44.40524745870301 10.307837064349705 108.5832559783
55.49805216210007 2.0 2.519772007518179 43.25677071573438 10.824461794263337 123.19827484680783
55.56911827871063 2.0 2.427064772455876 43.89222466823155 11.628647781916994 131.30330211525535
55.6401843953212 2.0 2.464132135645655 45.24231512073845 11.62589070044953 124.38605971319794
55.71125051193176 2.0 2.474548007085665 41.614242966327495 11.389762576195848 129.86814149724432
55.782316628542326 2.0 2.418336458954543 41.00866016327967 11.274404934889594 130.35886887498108
55.853382745152885 2.0 2.4004744908095166 41.38446202613124 10.76932384252935 137.3244909196853
55.924448861763445 2.0 2.4617046506993696 36.38846421294911 11.393577409006491 113.60654626699008
55.99551497837401 2.0 2.489103024166449 33.82693541337133 11.36013510651737 138.92620105340737
56.06658109498457 2.0 2.4253661521371606 39.693284292517525 11.949106361540723 136.1867908332296
56.13764721159514 2.0 2.481832413868576 39.301224038399944 10.868325858923368 128.61388623934891
56.2087133282057 2.0 2.399828299651388 43.08428790598985 11.41983951681679 139.4120678744266
56.279779444816256 2.0 2.4356595182767715 32.80864521285698 12.661035535159698 142.6077767372655
56.35084556142682 2.0 2.456466506690517 40.90912438927868 11.931556636159467 127.42607573596649
56.42191167803738 2.0 2.46145774180477 41.750611571077364 11.49499907875428 126.12797939732981
56.49297779464794 2.0 2.430243854131475 36.045151730336684 11.251017239169554 112.80938855464747
56.56404391125851 2.0 2.4159650851279904 45.51547628785124 12.085393310727067 138.70604563033618
56.63511002786907 2.0 2.4167514096870946 40.835255093870174 12.039760141666411 136.17502109629282
56.706176144479635 2.0 2.3890599717383902 35.467840541268075 11.431682830327533 144.2559511626197
56.777242261090194 2.0 2.390020928543758 40.88094487588773 11.526497290551925 130.206951333218
56.848308377700754 2.0 2.3904304985772273 39.52949397189404 12.151781217644627 137.35189770918743
56.91937449431132 2.0 2.4283676230189735 37.35571837102301 12.081824025129196 132.28560732578896
56.99044061092188 2.0 2.4335920065373156 39.37420530896868 12.235958457075268 136.86700207086463
57.061506727532446 2.0 2.459609692251082 45.015317820511854 11.219527653339076 131.50813449172014
57.132572844143006 2.0 2.398722217848302 37.13407242036641 10.6355869429076 128.23061931323548
57.203638960753565 2.0 2.4087196848726995 41.849188526792254 11.55463156555144 116.44388099368902
57.27470507736413 2.0 2.4479867936000685 37.550033798648165 12.194218978001999 148.44985847375034
57.34577119397469 2.0 2.3921276962412494 38.367833645650315 11.58781322437518 142.23481821436056
57.41683731058526 2.0 2.4201336344908877 34.14400250949297 11.239498739998886 124.58463072997445
57.48790342719582 2.0 2.4132389361801736 38.55310271136341 11.680120457975217 116.08209539107408
57.55896954380638 2.0 2.410308687911633 35.40553916173787 11.390453920282987 125.36719391990849
57.630035660416944 2.0 2.439932044612711 33.46452163327695 12.022879489172109 140.14270625406294
57.7011017770275 2.0 2.444658280861807 34.66157927276153 11.441821441976963 138.83949989040772
57.77216789363806 2.0 2.371182666225699 42.721056429449 11.568866188596125 138.63896166786557
57.84323401024863 2.0 2.4681703441884055 39.073194994736824 11.698944194965998 143.4401019744396
57.91430012685919 2.0 2.3819413596939985 40.91204566437776 12.168767548199476 126.40348707222414
57.985366243469755 2.0 2.4233148949070986 43.74648555038142 11.493148148677792 136.033000583044
58.056432360080315 2.0 2.3959874431995636 38.96829749853931 11.766040220368774 136.84686396600003
58.127498476690874 2.0 2.47592727089805 48.03510271846272 11.161630193264223 110.68849406644648
58.19856459330144 2.0 2.4266443890646885 40.40809301737139 11.952731681544973 119.21470791246188
58.269630709912 2.0 2.4549369208333007 40.840018118480316 11.25000858393727 125.14922747182007
58.34069682652257 2.0 2.40956182824947 38.68894311262798 11.528065115062624 138.92533624688198
58.41176294313313 2.0 2.4188684069614457 36.861547755204974 10.613978719179999 144.81641242062184
58.482829059743686 2.0 2.420184107888779 38.94024792962611 12.453160203288993 121.04288497129139
58.55389517635425 2.0 2.4256304735380456 41.88732719986979 12.211526860739657 140.77607305545453
58.62496129296481 2.0 2.488619826878236 38.78477298910455 11.951852570307718 138.18328671918113
58.69602740957538 2.0 2.41172385928742 44.7584408072246 11.359976655992554 139.09856090173227
58.76709352618594 2.0 2.3816767969874957 37.62078762688426 10.931888953903762 129.1231328738089
58.8381596427965 2.0 2.4128587014063627 43.937616334171956 10.800986933824255 130.3958588916461
58.909225759407065 2.0 2.387220667751809 36.073531245358666 11.079123440995692 116.13240086364752
58.980291876017624 2.0 2.40717422370906 36.85488889011293 11.196876149552876 142.99786599593483
59.05135799262819 2.0 2.4280192744457896 41.02908171132635 11.441201924885103 132.90623952392176
59.12242410923875 2.0 2.414422337833658 41.17395228058497 12.119945671026741 136.9911515176456
59.19349022584931 2.0 2.426240237384445 33.53268477746907 10.431926311416197 121.40335380396046
59.264556342459876 2.0 2.4510471566750955 44.5093028995624 11.228761795237924 119.52409539347828
59.335622459070436 2.0 2.4556115842543536 45.17450018915835 12.336478940521136 127.6053644751776
59.406688575680995 2.0 2.422702112084405 36.20623425821517 11.844409920571534 121.81282548725147
59.47775469229156 2.0 2.4279900061981734 38.446413134543015 11.74495681704087 117.84397807341011
59.54882080890212 2.0 2.404236095807088 40.56970368816658 11.331110655724487 121.43978356937247
59.61988692551269 2.0 2.4444181510927727 41.902073336001266 10.91081513613435 124.97017934002649
59.69095304212325 2.0 2.3684768442979967 37.37318481951437 10.178997951905961 118.51061254700167
59.76201915873381 2.0 2.3887955191001895 35.80949200534351 10.397617481680674 114.28644505098431
59.833085275344374 2.0 2.3034749290438787 32.52875582423624 10.58791786388421 117.2218514781276
59.90415139195493 2.0 2.315265275870678 35.37010600059704 11.792904081308837 106.35008736253229
59.9752175085655 2.0 2.2780066266960186 32.016576537040024 10.573772961072018 84.36030635992904
60.04628362517606 2.0 2.180560108643382 36.6085370429213 10.824673495259757 101.90760739201681
60.11734974178662 4.0 2.1327175125730995 31.749267378671334 11.526059949412396 108.05331082437432
60.188415858397185 4.0 2.1409237098655565 30.416347110427253 11.65961782317912 104.17812325701755
60.259481975007745 4.0 2.0773953476157936 26.416188802604108 10.944506149649467 87.6352052542511
60.33054809161831 4.0 2.0437296609446816 22.83503741614709 10.508697451778502 87.56900280933847
60.40161420822887 4.0 1.9549126525053095 18.556778953110435 10.045040772294152 80.57588027998534
60.47268032483943 4.0 1.9309726130073224 20.782973346369587 10.063575830907313 88.46794853876786
60.54374644145 4.0 1.9234244095088429 21.325682689540024 10.086291932544068 90.98574558909453
60.61481255806056 4.0 1.9690682924630476 27.783607505938715 9.940439932894453 81.21751985551951
60.685878674671116 4.0 2.001661332116352 17.353519308131993 9.62042053010702 75.15999690860802
60.75694479128168 4.0 1.8825994659263046 18.281852922536405 10.131156520769359 76.98121900151173
60.82801090789224 4.0 1.9244221661114518 18.807348497750084 9.579896218155966 65.31441827227913
60.89907702450281 4.0 1.8732932168318859 23.707747731470263 9.630374565479856 66.7347011423952
60.97014314111337 4.0 1.8884779390923327 19.023487243583403 9.226838184315156 82.59824649230056
61.04120925772393 4.0 1.9388689740578773 22.170789441032067 8.818428134229643 79.45423217154357
61.112275374334494 4.0 1.9263301475187395 21.84196547391913 9.055234370474196 77.90905808611514
61.183341490945054 4.0 1.927994747338831 19.396757208325333 8.172401668281822 86.24545335394438
61.25440760755562 4.0 1.9199807317849518 14.669515814600844 7.899080017998294 69.68797591506566
61.32547372416618 4.0 1.8958223835621566 22.223672154144282 6.474071689527795 62.341458777217504
61.39653984077674 4.0 1.9007527560793769 23.136318311548905 6.407187012762551 69.67222955529921
61.467605957387306 4.0 1.8958716539008755 18.117137799924553 6.389069130793978 63.479927592951725
61.538672073997866 4.0 1.881716922323956 19.66993342813216 5.42701265374045 79.17791341934283
61.60973819060843 4.0 1.893806699484732 13.243773691331679 4.731548595588006 80.81620785443309
61.68080430721899 4.0 1.9228638781557184 22.530479486410275 4.404150641591094 85.13902208335777
61.75187042382955 4.0 1.8646200047881318 27.655442725433602 1.2178816160156651 66.97715912767967
61.82293654044012 4.0 1.9034996544608955 20.43151726593245 2.2202701433112155 71.72249944478274
61.89400265705068 4.0 1.9036504409966721 19.084958182303033 2.64056424118452 64.60792013095634
61.965068773661244 4.0 1.8573631540411686 23.03535860197708 2.1331116563869053 75.1484741124215
62.0361348902718 4.0 1.9387535462689294 25.73114188820597 2.583952583778349 70.98082899378727
62.10720100688236 4.0 1.8842812887846465 18.192684081525446 2.234749256873327 58.46469015536805
62.17826712349293 4.0 1.9229443752166733 17.41345318084987 2.4459242847970857 71.82898026150177
62.24933324010349 4.0 1.9223506384022875 18.63798070883291 2.5818807335161127 78.77987757697197
62.32039935671405 4.0 1.8740687559181186 13.662157608570048 2.797446364083461 61.39674598115294
62.391465473324615 4.0 1.9589053674692867 19.228992745612562 2.19255572887157 67.2357720141744
62.462531589935175 4.0 1.932164492928441 15.664974818277233 2.3229275431537695 74.20745435512
62.53359770654574 4.0 1.900480439622059 21.254821819021373 2.751237916055644 53.11908015457139
62.6046638231563 4.0 1.8855410646685535 21.34788818338161 2.4353075742005297 73.81269916413163
62.67572993976686 4.0 1.8672066532075078 19.30252295152646 2.5973435174666197 57.708588907752286
62.74679605637743 4.0 1.8068054407872376 21.60579660248626 2.4960783464030762 59.5307833602278
62.81786217298799 4.0 1.7612832074284404 15.961071692545845 2.407759125616951 53.85832223520194
62.88892828959855 4.0 1.74486190933539 17.719690593267647 1.8488680259606405 61.219908731297416
62.95999440620911 4.0 1.6433744230815899 13.307151836404223 2.1924620887394823 42.46101211255666
